,collectionName,phoneName,millisSinceGpsEpoch,constellationType,svid,signalType,receivedSvTimeInGpsNanos,xSatPosM,ySatPosM,zSatPosM,xSatVelMps,ySatVelMps,zSatVelMps,satClkBiasM,satClkDriftMps,rawPrM,rawPrUncM,isrbM,ionoDelayM,tropoDelayM,PrM,SvName,millisSinceGpsEpoch_old,ecefX,ecefY,ecefZ,b
0,2021-04-22-US-SJC-1,SamsungS20Ultra,1303162377000,1,2,GPS_L1,1303162376929908401,-11916802.787,-21961129.355,9587563.579,952.629,645.982,2865.011,-179289.23,-0.0,21137113.081,4.797,0.0,4.017,2.664,20957817.169999998,G2,1303162377999,-2682037.522233656,-4311476.910162506,3846907.398902558,227499.33104463824
1,2021-04-22-US-SJC-1,SamsungS20Ultra,1303162377000,1,6,GPS_L1,1303162376930114746,-1018811.496,-19743685.981,17769055.938,1528.056,1643.956,1926.551,2794.793,0.001,21075252.406,5.396,0.0,4.139,2.843,21078040.217000004,G6,1303162377999,-2682037.522233656,-4311476.910162506,3846907.398902558,227499.33104463824
2,2021-04-22-US-SJC-1,SamsungS20Ultra,1303162377000,1,12,GPS_L1,1303162376929202376,-13747655.538,-5538963.007,21784470.392,1152.021,-2578.016,84.885,-9398.419,-0.002,21348774.051,4.797,0.0,4.54,3.196,21339367.896,G12,1303162377999,-2682037.522233656,-4311476.910162506,3846907.398902558,227499.33104463824
3,2021-04-22-US-SJC-1,SamsungS20Ultra,1303162377000,1,17,GPS_L1,1303162376918529856,15718732.274,-13287311.222,17212765.838,2099.608,-107.682,-2051.638,129136.963,0.003,24548315.055,7.795,0.0,8.137,9.264,24677434.617000002,G17,1303162377999,-2682037.522233656,-4311476.910162506,3846907.398902558,227499.33104463824
4,2021-04-22-US-SJC-1,SamsungS20Ultra,1303162377000,1,19,GPS_L1,1303162376926009989,7199136.436,-14419296.831,20803374.943,2703.811,-97.444,-1000.059,-2829.663,0.001,22305827.597,11.692,0.0,5.62,4.212,22302988.101999998,G19,1303162377999,-2682037.522233656,-4311476.910162506,3846907.398902558,227499.33104463824
0,2021-04-22-US-SJC-1,SamsungS20Ultra,1303162378000,1,2,GPS_L1,1303162377929908597,-11915850.018,-21960483.272,9590428.491,952.908,646.183,2864.811,-179289.23,-0.0,21137054.322,4.497,0.0,4.017,2.664,20957758.411,G2,1303162378999,-2682035.083320926,-4311487.631971534,3846897.2671302077,227618.15817740656
1,2021-04-22-US-SJC-1,SamsungS20Ultra,1303162378000,1,6,GPS_L1,1303162377930113691,-1017283.313,-19742041.981,17770982.298,1528.312,1644.047,1926.174,2794.794,0.001,21075568.687,5.096,0.0,4.139,2.843,21078356.499,G6,1303162378999,-2682035.083320926,-4311487.631971534,3846897.2671302077,227618.15817740656
2,2021-04-22-US-SJC-1,SamsungS20Ultra,1303162378000,1,12,GPS_L1,1303162377929203199,-13746503.592,-5541541.064,21784555.039,1151.871,-2578.092,84.41,-9398.421,-0.002,21348527.322,4.797,0.0,4.54,3.196,21339121.165000003,G12,1303162378999,-2682035.083320926,-4311487.631971534,3846897.2671302077,227618.15817740656
3,2021-04-22-US-SJC-1,SamsungS20Ultra,1303162378000,1,17,GPS_L1,1303162377918527780,15720831.749,-13287418.956,17210714.027,2099.352,-107.785,-2051.993,129136.965,0.003,24548937.424,7.495,0.0,8.138,9.267,24678056.983999997,G17,1303162378999,-2682035.083320926,-4311487.631971534,3846897.2671302077,227618.15817740656
4,2021-04-22-US-SJC-1,SamsungS20Ultra,1303162378000,1,19,GPS_L1,1303162377926007938,7201840.174,-14419394.354,20802374.658,2703.678,-97.6,-1000.514,-2829.663,0.001,22306442.471,11.392,0.0,5.62,4.212,22303602.976,G19,1303162378999,-2682035.083320926,-4311487.631971534,3846897.2671302077,227618.15817740656
0,2021-04-22-US-SJC-1,SamsungS20Ultra,1303162379000,1,2,GPS_L1,1303162378929908801,-11914896.97,-21959836.988,9593293.203,953.186,646.384,2864.612,-179289.231,-0.0,21136993.164,4.197,0.0,4.017,2.664,20957697.252,G2,1303162379999,-2682032.6273377463,-4311498.553740156,3846886.9904693225,227744.32062866475
1,2021-04-22-US-SJC-1,SamsungS20Ultra,1303162379000,1,6,GPS_L1,1303162378930112642,-1015754.874,-19740397.891,17772908.281,1528.568,1644.138,1925.797,2794.795,0.001,21075883.17,5.096,0.0,4.139,2.843,21078670.983000007,G6,1303162379999,-2682032.6273377463,-4311498.553740156,3846886.9904693225,227744.32062866475
2,2021-04-22-US-SJC-1,SamsungS20Ultra,1303162379000,1,12,GPS_L1,1303162378929204022,-13745351.796,-5544119.197,21784639.211,1151.721,-2578.169,83.935,-9398.424,-0.002,21348280.593,5.696,0.0,4.54,3.195,21338874.434,G12,1303162379999,-2682032.6273377463,-4311498.553740156,3846886.9904693225,227744.32062866475
3,2021-04-22-US-SJC-1,SamsungS20Ultra,1303162379000,1,17,GPS_L1,1303162378918525671,15722930.968,-13287526.792,17208661.86,2099.095,-107.888,-2052.349,129136.968,0.003,24549569.687,8.094,0.0,8.139,9.27,24678689.246,G17,1303162379999,-2682032.6273377463,-4311498.553740156,3846886.9904693225,227744.32062866475
4,2021-04-22-US-SJC-1,SamsungS20Ultra,1303162379000,1,28,GPS_L1,1303162378917748616,11784316.738,-23906225.944,-433058.798,153.471,207.183,-3188.848,174695.949,-0.001,24782524.915,20.386,0.0,10.407,13.02,24957197.437,G28,1303162379999,-2682032.6273377463,-4311498.553740156,3846886.9904693225,227744.32062866475
0,2021-04-22-US-SJC-1,SamsungS20Ultra,1303162380000,1,2,GPS_L1,1303162379929908999,-11913943.644,-21959190.503,9596157.715,953.465,646.585,2864.412,-179289.231,-0.0,21136933.805,3.897,0.0,4.017,2.664,20957637.893,G2,1303162380999,-2682030.2205482167,-4311509.679900617,3846876.452135439,227872.07263150378
1,2021-04-22-US-SJC-1,SamsungS20Ultra,1303162380000,1,6,GPS_L1,1303162379930111588,-1014226.179,-19738753.709,17774833.886,1528.824,1644.229,1925.419,2794.796,0.001,21076199.151,5.696,0.0,4.139,2.844,21078986.964,G6,1303162380999,-2682030.2205482167,-4311509.679900617,3846876.452135439,227872.07263150378
2,2021-04-22-US-SJC-1,SamsungS20Ultra,1303162380000,1,12,GPS_L1,1303162379929204838,-13744200.149,-5546697.406,21784722.908,1151.572,-2578.246,83.461,-9398.426,-0.002,21348035.962,4.497,0.0,4.539,3.195,21338629.802,G12,1303162380999,-2682030.2205482167,-4311509.679900617,3846876.452135439,227872.07263150378
3,2021-04-22-US-SJC-1,SamsungS20Ultra,1303162380000,1,17,GPS_L1,1303162379918523568,15725029.931,-13287634.731,17206609.338,2098.839,-107.99,-2052.704,129136.971,0.003,24550200.15,8.994,0.0,8.14,9.273,24679319.708,G17,1303162380999,-2682030.2205482167,-4311509.679900617,3846876.452135439,227872.07263150378
4,2021-04-22-US-SJC-1,SamsungS20Ultra,1303162380000,1,28,GPS_L1,1303162379917746659,11784470.13,-23906018.584,-436247.635,153.315,207.537,-3188.839,174695.947,-0.001,24783111.609,14.09,0.0,10.408,13.026,24957784.122,G28,1303162380999,-2682030.2205482167,-4311509.679900617,3846876.452135439,227872.07263150378
0,2021-04-22-US-SJC-1,SamsungS20Ultra,1303162381000,1,2,GPS_L1,1303162380929909203,-11912990.039,-21958543.818,9599022.028,953.744,646.786,2864.213,-179289.231,-0.0,21136872.648,4.197,0.0,4.017,2.664,20957576.735999998,G2,1303162381999,-2682027.8973767133,-4311521.3233360825,3846865.3459142167,227995.54573457493
1,2021-04-22-US-SJC-1,SamsungS20Ultra,1303162381000,1,6,GPS_L1,1303162380930110526,-1012697.228,-19737109.436,17776759.115,1529.08,1644.32,1925.042,2794.797,0.001,21076517.531,5.396,0.0,4.139,2.844,21079305.345,G6,1303162381999,-2682027.8973767133,-4311521.3233360825,3846865.3459142167,227995.54573457493
2,2021-04-22-US-SJC-1,SamsungS20Ultra,1303162381000,1,12,GPS_L1,1303162380929205652,-13743048.652,-5549275.693,21784806.131,1151.422,-2578.322,82.986,-9398.428,-0.002,21347791.931,4.797,0.0,4.539,3.195,21338385.769,G12,1303162381999,-2682027.8973767133,-4311521.3233360825,3846865.3459142167,227995.54573457493
3,2021-04-22-US-SJC-1,SamsungS20Ultra,1303162381000,1,17,GPS_L1,1303162380918521486,15727128.637,-13287742.772,17204556.461,2098.582,-108.093,-2053.059,129136.974,0.003,24550824.318,14.99,0.0,8.141,9.276,24679943.875,G17,1303162381999,-2682027.8973767133,-4311521.3233360825,3846865.3459142167,227995.54573457493
4,2021-04-22-US-SJC-1,SamsungS20Ultra,1303162381000,1,28,GPS_L1,1303162380917744668,11784623.368,-23905810.871,-439436.463,153.16,207.891,-3188.83,174695.946,-0.001,24783708.496,9.893,0.0,10.409,13.032,24958381.000999995,G28,1303162381999,-2682027.8973767133,-4311521.3233360825,3846865.3459142167,227995.54573457493
0,2021-04-22-US-SJC-1,SamsungS20Ultra,1303162382000,1,2,GPS_L1,1303162381929909411,-11912036.155,-21957896.931,9601886.141,954.022,646.987,2864.013,-179289.231,-0.0,21136810.291,3.897,0.0,4.017,2.663,20957514.380000003,G2,1303162382999,-2682025.645344595,-4311533.376780484,3846853.7503881576,228120.42733361592
1,2021-04-22-US-SJC-1,SamsungS20Ultra,1303162382000,1,6,GPS_L1,1303162381930109478,-1011168.021,-19735465.072,17778683.966,1529.336,1644.411,1924.665,2794.798,0.001,21076831.713,6.296,0.0,4.139,2.844,21079619.528,G6,1303162382999,-2682025.645344595,-4311533.376780484,3846853.7503881576,228120.42733361592
2,2021-04-22-US-SJC-1,SamsungS20Ultra,1303162382000,1,12,GPS_L1,1303162381929206467,-13741897.304,-5551854.056,21784888.879,1151.272,-2578.399,82.511,-9398.431,-0.002,21347547.6,5.096,0.0,4.539,3.194,21338141.436,G12,1303162382999,-2682025.645344595,-4311533.376780484,3846853.7503881576,228120.42733361592
3,2021-04-22-US-SJC-1,SamsungS20Ultra,1303162382000,1,17,GPS_L1,1303162381918519428,15729227.086,-13287850.916,17202503.229,2098.325,-108.195,-2053.414,129136.977,0.003,24551441.291,14.69,0.0,8.141,9.279,24680560.848000005,G17,1303162382999,-2682025.645344595,-4311533.376780484,3846853.7503881576,228120.42733361592
4,2021-04-22-US-SJC-1,SamsungS20Ultra,1303162382000,1,28,GPS_L1,1303162381917742676,11784776.451,-23905602.804,-442625.283,153.005,208.244,-3188.821,174695.944,-0.001,24784305.682,18.887,0.0,10.411,13.038,24958978.177,G28,1303162382999,-2682025.645344595,-4311533.376780484,3846853.7503881576,228120.42733361592
0,2021-04-22-US-SJC-1,SamsungS20Ultra,1303162383000,1,2,GPS_L1,1303162382929909610,-11911081.992,-21957249.844,9604750.055,954.301,647.187,2863.813,-179289.231,-0.0,21136750.632,4.197,0.0,4.016,2.663,20957454.722000003,G2,1303162383999,-2682023.1713172747,-4311545.981639603,3846841.694638481,228249.22039323245
1,2021-04-22-US-SJC-1,SamsungS20Ultra,1303162383000,1,6,GPS_L1,1303162382930108418,-1009638.559,-19733820.618,17780608.439,1529.592,1644.502,1924.287,2794.799,0.001,21077149.493,5.696,0.0,4.139,2.844,21079937.309,G6,1303162383999,-2682023.1713172747,-4311545.981639603,3846841.694638481,228249.22039323245
2,2021-04-22-US-SJC-1,SamsungS20Ultra,1303162383000,1,12,GPS_L1,1303162382929207289,-13740746.107,-5554432.495,21784971.152,1151.123,-2578.475,82.036,-9398.433,-0.002,21347301.171,5.096,0.0,4.538,3.194,21337895.006000005,G12,1303162383999,-2682023.1713172747,-4311545.981639603,3846841.694638481,228249.22039323245
3,2021-04-22-US-SJC-1,SamsungS20Ultra,1303162383000,1,17,GPS_L1,1303162382918517377,15731325.279,-13287959.163,17200449.642,2098.069,-108.298,-2053.769,129136.98,0.003,24552056.165,9.593,0.0,8.142,9.282,24681175.720999997,G17,1303162383999,-2682023.1713172747,-4311545.981639603,3846841.694638481,228249.22039323245
4,2021-04-22-US-SJC-1,SamsungS20Ultra,1303162383000,1,28,GPS_L1,1303162382917740627,11784929.378,-23905394.383,-445814.092,152.85,208.598,-3188.811,174695.943,-0.001,24784919.957,17.688,0.0,10.412,13.043,24959592.444999997,G28,1303162383999,-2682023.1713172747,-4311545.981639603,3846841.694638481,228249.22039323245
0,2021-04-22-US-SJC-1,SamsungS20Ultra,1303162384000,1,2,GPS_L1,1303162383929909820,-11910127.551,-21956602.556,9607613.769,954.58,647.388,2863.614,-179289.232,-0.0,21136687.676,4.497,0.0,4.016,2.663,20957391.765,G2,1303162384999,-2682020.546111841,-4311559.1228927355,3846829.030907437,228374.60007256042
1,2021-04-22-US-SJC-1,SamsungS20Ultra,1303162384000,1,6,GPS_L1,1303162383930107363,-1008108.84,-19732176.073,17782532.535,1529.847,1644.592,1923.91,2794.8,0.001,21077465.774,6.296,0.0,4.14,2.844,21080253.59,G6,1303162384999,-2682020.546111841,-4311559.1228927355,3846829.030907437,228374.60007256042
2,2021-04-22-US-SJC-1,SamsungS20Ultra,1303162384000,1,12,GPS_L1,1303162383929208104,-13739595.059,-5557011.011,21785052.951,1150.973,-2578.552,81.562,-9398.435,-0.002,21347056.84,4.497,0.0,4.538,3.194,21337650.673000004,G12,1303162384999,-2682020.546111841,-4311559.1228927355,3846829.030907437,228374.60007256042
3,2021-04-22-US-SJC-1,SamsungS20Ultra,1303162384000,1,28,GPS_L1,1303162383917738652,11785082.151,-23905185.609,-449002.893,152.695,208.952,-3188.802,174695.941,-0.001,24785512.047,22.484,0.0,10.413,13.049,24960184.526,G28,1303162384999,-2682020.546111841,-4311559.1228927355,3846829.030907437,228374.60007256042
0,2021-04-22-US-SJC-1,SamsungS20Ultra,1303162385000,1,2,GPS_L1,1303162384929910018,-11909172.831,-21955955.068,9610477.282,954.859,647.588,2863.414,-179289.232,-0.0,21136628.317,5.096,0.0,4.016,2.663,20957332.406000003,G2,1303162385999,-2682017.9165296704,-4311572.611198117,3846816.1486378433,228504.2501907805
1,2021-04-22-US-SJC-1,SamsungS20Ultra,1303162385000,1,6,GPS_L1,1303162384930106302,-1006578.866,-19730531.437,17784456.254,1530.103,1644.683,1923.533,2794.801,0.001,21077783.854,5.996,0.0,4.14,2.844,21080571.670999996,G6,1303162385999,-2682017.9165296704,-4311572.611198117,3846816.1486378433,228504.2501907805
2,2021-04-22-US-SJC-1,SamsungS20Ultra,1303162385000,1,12,GPS_L1,1303162384929208914,-13738444.16,-5559589.603,21785134.274,1150.823,-2578.628,81.087,-9398.438,-0.002,21346814.008,5.096,0.0,4.538,3.194,21337407.838000003,G12,1303162385999,-2682017.9165296704,-4311572.611198117,3846816.1486378433,228504.2501907805
0,2021-04-22-US-SJC-1,SamsungS20Ultra,1303162386000,1,2,GPS_L1,1303162385929910227,-11908217.832,-21955307.378,9613340.596,955.137,647.789,2863.214,-179289.232,-0.0,21136565.66,5.096,0.0,4.016,2.663,20957269.749,G2,1303162386999,-2682015.3577323537,-4311585.619396577,3846803.6693192986,228630.00115971966
1,2021-04-22-US-SJC-1,SamsungS20Ultra,1303162386000,1,6,GPS_L1,1303162385930105253,-1005048.635,-19728886.711,17786379.596,1530.359,1644.773,1923.155,2794.802,0.001,21078098.336,5.096,0.0,4.14,2.844,21080886.154,G6,1303162386999,-2682015.3577323537,-4311585.619396577,3846803.6693192986,228630.00115971966
2,2021-04-22-US-SJC-1,SamsungS20Ultra,1303162386000,1,12,GPS_L1,1303162385929209731,-13737293.412,-5562168.271,21785215.124,1150.673,-2578.704,80.612,-9398.44,-0.002,21346569.078,5.096,0.0,4.537,3.193,21337162.908,G12,1303162386999,-2682015.3577323537,-4311585.619396577,3846803.6693192986,228630.00115971966
0,2021-04-22-US-SJC-1,SamsungS20Ultra,1303162387000,1,2,GPS_L1,1303162386929910424,-11907262.554,-21954659.489,9616203.711,955.416,647.989,2863.014,-179289.232,-0.0,21136506.601,5.096,0.0,4.016,2.663,20957210.69,G2,1303162387999,-2682012.8539059414,-4311597.910683909,3846792.032450013,228749.05020653896
1,2021-04-22-US-SJC-1,SamsungS20Ultra,1303162387000,1,6,GPS_L1,1303162386930104182,-1003518.149,-19727241.894,17788302.559,1530.615,1644.864,1922.778,2794.803,0.001,21078419.414,4.797,0.0,4.14,2.844,21081207.233,G6,1303162387999,-2682012.8539059414,-4311597.910683909,3846792.032450013,228749.05020653896
2,2021-04-22-US-SJC-1,SamsungS20Ultra,1303162387000,1,12,GPS_L1,1303162386929210545,-13736142.814,-5564747.016,21785295.498,1150.523,-2578.78,80.138,-9398.442,-0.002,21346325.047,4.797,0.0,4.537,3.193,21336918.874999996,G12,1303162387999,-2682012.8539059414,-4311597.910683909,3846792.032450013,228749.05020653896
0,2021-04-22-US-SJC-1,SamsungS20Ultra,1303162388000,1,2,GPS_L1,1303162387929910619,-11906306.998,-21954011.399,9619066.625,955.695,648.19,2862.814,-179289.233,-0.0,21136448.141,4.797,0.0,4.015,2.663,20957152.23,G2,1303162388999,-2682010.4336827868,-4311609.191013157,3846781.3971795826,228883.78693926876
1,2021-04-22-US-SJC-1,SamsungS20Ultra,1303162388000,1,6,GPS_L1,1303162387930103131,-1001987.407,-19725596.986,17790225.146,1530.871,1644.954,1922.4,2794.804,0.001,21078734.496,4.797,0.0,4.14,2.844,21081522.316,G6,1303162388999,-2682010.4336827868,-4311609.191013157,3846781.3971795826,228883.78693926876
2,2021-04-22-US-SJC-1,SamsungS20Ultra,1303162388000,1,12,GPS_L1,1303162387929211363,-13734992.365,-5567325.836,21785375.398,1150.373,-2578.856,79.663,-9398.445,-0.002,21346079.816,4.497,0.0,4.537,3.193,21336673.641,G12,1303162388999,-2682010.4336827868,-4311609.191013157,3846781.3971795826,228883.78693926876
3,2021-04-22-US-SJC-1,SamsungS20Ultra,1303162388000,1,28,GPS_L1,1303162387917730819,11785691.693,-23904346.973,-461757.999,152.076,210.367,-3188.764,174695.935,-0.001,24787860.321,15.889,0.0,10.419,13.073,24962532.764,G28,1303162388999,-2682010.4336827868,-4311609.191013157,3846781.3971795826,228883.78693926876
0,2021-04-22-US-SJC-1,SamsungS20Ultra,1303162389000,1,2,GPS_L1,1303162388929910821,-11905351.163,-21953363.108,9621929.339,955.974,648.39,2862.614,-179289.233,-0.0,21136387.583,4.797,0.0,4.015,2.662,20957091.673,G2,1303162389999,-2682008.1714877295,-4311619.27325507,3846771.9533005618,229011.15651020416
1,2021-04-22-US-SJC-1,SamsungS20Ultra,1303162389000,1,6,GPS_L1,1303162388930102064,-1000456.409,-19723951.989,17792147.355,1531.127,1645.045,1922.022,2794.805,0.001,21079054.374,4.797,0.0,4.14,2.845,21081842.194000002,G6,1303162389999,-2682008.1714877295,-4311619.27325507,3846771.9533005618,229011.15651020416
2,2021-04-22-US-SJC-1,SamsungS20Ultra,1303162389000,1,12,GPS_L1,1303162388929212188,-13733842.066,-5569904.733,21785454.823,1150.223,-2578.932,79.188,-9398.447,-0.002,21345832.488,4.197,0.0,4.536,3.192,21336426.313,G12,1303162389999,-2682008.1714877295,-4311619.27325507,3846771.9533005618,229011.15651020416
3,2021-04-22-US-SJC-1,SamsungS20Ultra,1303162389000,1,19,GPS_L1,1303162388925985420,7231572.479,-14420477.371,20791341.496,2702.206,-99.311,-1005.518,-2829.656,0.001,22313193.198,10.493,0.0,5.628,4.219,22310353.695,G19,1303162389999,-2682008.1714877295,-4311619.27325507,3846771.9533005618,229011.15651020416
4,2021-04-22-US-SJC-1,SamsungS20Ultra,1303162389000,1,28,GPS_L1,1303162388917728892,11785843.691,-23904136.43,-464946.752,151.922,210.721,-3188.754,174695.934,-0.001,24788438.021,11.092,0.0,10.42,13.079,24963110.456,G28,1303162389999,-2682008.1714877295,-4311619.27325507,3846771.9533005618,229011.15651020416
0,2021-04-22-US-SJC-1,SamsungS20Ultra,1303162390000,1,2,GPS_L1,1303162389929911008,-11904395.049,-21952714.618,9624791.853,956.253,648.591,2862.414,-179289.233,-0.0,21136331.522,4.497,0.0,4.015,2.662,20957035.612,G2,1303162390999,-2682006.297364019,-4311628.410051263,3846763.326199109,229136.5004770508
1,2021-04-22-US-SJC-1,SamsungS20Ultra,1303162390000,1,6,GPS_L1,1303162389930101006,-998925.155,-19722306.9,17794069.186,1531.383,1645.135,1921.645,2794.806,0.001,21079371.555,5.396,0.0,4.14,2.845,21082159.376000002,G6,1303162390999,-2682006.297364019,-4311628.410051263,3846763.326199109,229136.5004770508
2,2021-04-22-US-SJC-1,SamsungS20Ultra,1303162390000,1,12,GPS_L1,1303162389929213014,-13732691.918,-5572483.706,21785533.774,1150.073,-2579.008,78.714,-9398.449,-0.002,21345584.859,4.497,0.0,4.536,3.192,21336178.682,G12,1303162390999,-2682006.297364019,-4311628.410051263,3846763.326199109,229136.5004770508
3,2021-04-22-US-SJC-1,SamsungS20Ultra,1303162390000,1,19,GPS_L1,1303162389925983367,7234274.613,-14420576.76,20790335.752,2702.072,-99.466,-1005.972,-2829.656,0.001,22313808.672,11.992,0.0,5.628,4.22,22310969.168,G19,1303162390999,-2682006.297364019,-4311628.410051263,3846763.326199109,229136.5004770508
4,2021-04-22-US-SJC-1,SamsungS20Ultra,1303162390000,1,28,GPS_L1,1303162389917726912,11785995.535,-23903925.532,-468135.495,151.767,211.075,-3188.744,174695.932,-0.001,24789031.611,15.289,0.0,10.422,13.085,24963704.036000002,G28,1303162390999,-2682006.297364019,-4311628.410051263,3846763.326199109,229136.5004770508
0,2021-04-22-US-SJC-1,SamsungS20Ultra,1303162391000,1,2,GPS_L1,1303162390929911202,-11903438.656,-21952065.927,9627654.166,956.531,648.791,2862.213,-179289.233,-0.0,21136273.362,4.797,0.0,4.015,2.662,20956977.452,G2,1303162391999,-2682004.523442793,-4311637.074840896,3846755.1386784143,229261.83159590393
1,2021-04-22-US-SJC-1,SamsungS20Ultra,1303162391000,1,6,GPS_L1,1303162390930099942,-997393.646,-19720661.722,17795990.639,1531.638,1645.225,1921.267,2794.807,0.001,21079690.534,6.895,0.0,4.141,2.845,21082478.355000004,G6,1303162391999,-2682004.523442793,-4311637.074840896,3846755.1386784143,229261.83159590393
2,2021-04-22-US-SJC-1,SamsungS20Ultra,1303162391000,1,12,GPS_L1,1303162390929213843,-13731541.919,-5575062.755,21785612.249,1149.923,-2579.084,78.239,-9398.452,-0.002,21345336.331,4.797,0.0,4.536,3.192,21335930.151,G12,1303162391999,-2682004.523442793,-4311637.074840896,3846755.1386784143,229261.83159590393
3,2021-04-22-US-SJC-1,SamsungS20Ultra,1303162391000,1,19,GPS_L1,1303162390925981314,7236976.612,-14420676.304,20789329.554,2701.938,-99.622,-1006.427,-2829.655,0.001,22314424.146,10.193,0.0,5.629,4.221,22311584.641,G19,1303162391999,-2682004.523442793,-4311637.074840896,3846755.1386784143,229261.83159590393
4,2021-04-22-US-SJC-1,SamsungS20Ultra,1303162391000,1,28,GPS_L1,1303162390917724944,11786147.225,-23903714.281,-471324.228,151.612,211.429,-3188.734,174695.931,-0.001,24789621.602,15.589,0.0,10.423,13.09,24964294.020000003,G28,1303162391999,-2682004.523442793,-4311637.074840896,3846755.1386784143,229261.83159590393
0,2021-04-22-US-SJC-1,SamsungS20Ultra,1303162392000,1,2,GPS_L1,1303162391929911401,-11902481.985,-21951417.035,9630516.28,956.81,648.991,2862.013,-179289.234,-0.0,21136213.704,5.696,0.0,4.015,2.662,20956917.792999998,G2,1303162392999,-2682002.702865315,-4311645.459953687,3846747.245340596,229384.89872752232
1,2021-04-22-US-SJC-1,SamsungS20Ultra,1303162392000,1,6,GPS_L1,1303162391930098886,-995861.881,-19719016.453,17797911.715,1531.894,1645.315,1920.889,2794.808,0.001,21080007.115,6.296,0.0,4.141,2.845,21082794.937,G6,1303162392999,-2682002.702865315,-4311645.459953687,3846747.245340596,229384.89872752232
2,2021-04-22-US-SJC-1,SamsungS20Ultra,1303162392000,1,12,GPS_L1,1303162391929214665,-13730392.07,-5577641.88,21785690.25,1149.773,-2579.16,77.764,-9398.454,-0.002,21345089.902,4.797,0.0,4.535,3.191,21335683.722,G12,1303162392999,-2682002.702865315,-4311645.459953687,3846747.245340596,229384.89872752232
3,2021-04-22-US-SJC-1,SamsungS20Ultra,1303162392000,1,19,GPS_L1,1303162391925979254,7239678.476,-14420776.004,20788322.901,2701.803,-99.777,-1006.882,-2829.655,0.001,22315041.718,9.893,0.0,5.629,4.221,22312202.212999996,G19,1303162392999,-2682002.702865315,-4311645.459953687,3846747.245340596,229384.89872752232
4,2021-04-22-US-SJC-1,SamsungS20Ultra,1303162392000,1,28,GPS_L1,1303162391917722946,11786298.759,-23903502.676,-474512.951,151.458,211.783,-3188.724,174695.929,-0.001,24790220.587,10.493,0.0,10.425,13.096,24964892.995,G28,1303162392999,-2682002.702865315,-4311645.459953687,3846747.245340596,229384.89872752232
0,2021-04-22-US-SJC-1,SamsungS20Ultra,1303162393000,1,2,GPS_L1,1303162392929911584,-11901525.034,-21950767.944,9633378.193,957.089,649.191,2861.813,-179289.234,-0.0,21136158.842,9.294,0.0,4.014,2.662,20956862.932,G2,1303162393999,-2682000.8616456105,-4311653.558566311,3846739.6522600246,229517.47135074856
1,2021-04-22-US-SJC-1,SamsungS20Ultra,1303162393000,1,6,GPS_L1,1303162392930097822,-994329.86,-19717371.095,17799832.413,1532.15,1645.406,1920.512,2794.809,0.001,21080326.094,5.396,0.0,4.141,2.845,21083113.917000003,G6,1303162393999,-2682000.8616456105,-4311653.558566311,3846739.6522600246,229517.47135074856
2,2021-04-22-US-SJC-1,SamsungS20Ultra,1303162393000,1,12,GPS_L1,1303162392929215493,-13729242.372,-5580221.08,21785767.777,1149.623,-2579.236,77.289,-9398.456,-0.002,21344841.674,5.696,0.0,4.535,3.191,21335435.492,G12,1303162393999,-2682000.8616456105,-4311653.558566311,3846739.6522600246,229517.47135074856
3,2021-04-22-US-SJC-1,SamsungS20Ultra,1303162393000,1,19,GPS_L1,1303162392925977215,7242380.207,-14420875.86,20787315.793,2701.669,-99.933,-1007.337,-2829.654,0.001,22315652.995,8.994,0.0,5.63,4.222,22312813.489000004,G19,1303162393999,-2682000.8616456105,-4311653.558566311,3846739.6522600246,229517.47135074856
4,2021-04-22-US-SJC-1,SamsungS20Ultra,1303162393000,1,28,GPS_L1,1303162392917720974,11786450.139,-23903290.717,-477701.665,151.303,212.137,-3188.714,174695.928,-0.001,24790811.778,15.289,0.0,10.426,13.102,24965484.178,G28,1303162393999,-2682000.8616456105,-4311653.558566311,3846739.6522600246,229517.47135074856
0,2021-04-22-US-SJC-1,SamsungS20Ultra,1303162394000,1,2,GPS_L1,1303162393929911769,-11900567.805,-21950118.652,9636239.906,957.368,649.391,2861.612,-179289.234,-0.0,21136103.38,5.396,0.0,4.014,2.662,20956807.47,G2,1303162394999,-2681999.3565982427,-4311661.153432377,3846732.403672538,229643.4125701365
1,2021-04-22-US-SJC-1,SamsungS20Ultra,1303162394000,1,6,GPS_L1,1303162393930096768,-992797.583,-19715725.646,17801752.734,1532.406,1645.496,1920.134,2794.81,0.001,21080642.075,6.296,0.0,4.141,2.845,21083429.899,G6,1303162394999,-2681999.3565982427,-4311661.153432377,3846732.403672538,229643.4125701365
2,2021-04-22-US-SJC-1,SamsungS20Ultra,1303162394000,1,12,GPS_L1,1303162393929216321,-13728092.823,-5582800.357,21785844.828,1149.473,-2579.312,76.815,-9398.459,-0.002,21344593.445,5.396,0.0,4.535,3.191,21335187.26,G12,1303162394999,-2681999.3565982427,-4311661.153432377,3846732.403672538,229643.4125701365
3,2021-04-22-US-SJC-1,SamsungS20Ultra,1303162394000,1,19,GPS_L1,1303162393925975143,7245081.802,-14420975.87,20786308.231,2701.534,-100.088,-1007.791,-2829.653,0.001,22316274.165,13.491,0.0,5.631,4.222,22313434.658999998,G19,1303162394999,-2681999.3565982427,-4311661.153432377,3846732.403672538,229643.4125701365
4,2021-04-22-US-SJC-1,SamsungS20Ultra,1303162394000,1,28,GPS_L1,1303162393917719005,11786601.365,-23903078.404,-480890.367,151.149,212.49,-3188.704,174695.926,-0.001,24791402.069,9.593,0.0,10.427,13.108,24966074.459999997,G28,1303162394999,-2681999.3565982427,-4311661.153432377,3846732.403672538,229643.4125701365
0,2021-04-22-US-SJC-1,SamsungS20Ultra,1303162395000,1,2,GPS_L1,1303162394929911953,-11899610.296,-21949469.161,9639101.418,957.647,649.591,2861.412,-179289.234,-0.0,21136048.218,6.296,0.0,4.014,2.662,20956752.308,G2,1303162395999,-2681998.57764678,-4311667.241066533,3846726.247846334,229767.83856293323
1,2021-04-22-US-SJC-1,SamsungS20Ultra,1303162395000,1,6,GPS_L1,1303162394930095699,-991265.05,-19714080.107,17803672.676,1532.661,1645.586,1919.756,2794.811,0.001,21080962.553,7.795,0.0,4.141,2.845,21083750.378000002,G6,1303162395999,-2681998.57764678,-4311667.241066533,3846726.247846334,229767.83856293323
2,2021-04-22-US-SJC-1,SamsungS20Ultra,1303162395000,1,12,GPS_L1,1303162394929217154,-13726943.425,-5585379.709,21785921.405,1149.323,-2579.387,76.34,-9398.461,-0.002,21344343.718,5.696,0.0,4.534,3.19,21334937.532999996,G12,1303162395999,-2681998.57764678,-4311667.241066533,3846726.247846334,229767.83856293323
3,2021-04-22-US-SJC-1,SamsungS20Ultra,1303162395000,1,17,GPS_L1,1303162394918492370,15756483.551,-13289266.099,17175778.921,2094.984,-109.524,-2058.026,129137.015,0.003,24559553.075,11.692,0.0,8.152,9.319,24688672.619000003,G17,1303162395999,-2681998.57764678,-4311667.241066533,3846726.247846334,229767.83856293323
4,2021-04-22-US-SJC-1,SamsungS20Ultra,1303162395000,1,19,GPS_L1,1303162394925973095,7247783.264,-14421076.036,20785300.214,2701.4,-100.243,-1008.246,-2829.653,0.001,22316888.14,9.593,0.0,5.631,4.223,22314048.632999998,G19,1303162395999,-2681998.57764678,-4311667.241066533,3846726.247846334,229767.83856293323
5,2021-04-22-US-SJC-1,SamsungS20Ultra,1303162395000,1,28,GPS_L1,1303162394917717033,11786752.436,-23902865.737,-484079.059,150.994,212.844,-3188.694,174695.925,-0.001,24791993.26,7.795,0.0,10.429,13.114,24966665.642,G28,1303162395999,-2681998.57764678,-4311667.241066533,3846726.247846334,229767.83856293323
0,2021-04-22-US-SJC-1,SamsungS20Ultra,1303162396000,1,2,GPS_L1,1303162395929912145,-11898652.509,-21948819.469,9641962.73,957.926,649.791,2861.211,-179289.234,-0.0,21135990.658,6.895,0.0,4.014,2.661,20956694.749,G2,1303162396999,-2681998.6210395573,-4311671.548596577,3846721.48790412,229893.96245117387
1,2021-04-22-US-SJC-1,SamsungS20Ultra,1303162396000,1,6,GPS_L1,1303162395930094614,-989732.262,-19712434.478,17805592.241,1532.917,1645.676,1919.378,2794.812,0.001,21081287.828,9.294,0.0,4.141,2.845,21084075.654000003,G6,1303162396999,-2681998.6210395573,-4311671.548596577,3846721.48790412,229893.96245117387
2,2021-04-22-US-SJC-1,SamsungS20Ultra,1303162396000,1,12,GPS_L1,1303162395929217987,-13725794.176,-5587959.136,21785997.508,1149.173,-2579.463,75.865,-9398.463,-0.002,21344093.991,6.595,0.0,4.534,3.19,21334687.803999998,G12,1303162396999,-2681998.6210395573,-4311671.548596577,3846721.48790412,229893.96245117387
3,2021-04-22-US-SJC-1,SamsungS20Ultra,1303162396000,1,17,GPS_L1,1303162395918490276,15758578.402,-13289375.674,17173720.722,2094.727,-109.626,-2058.38,129137.017,0.003,24560180.841,11.692,0.0,8.153,9.322,24689300.382999998,G17,1303162396999,-2681998.6210395573,-4311671.548596577,3846721.48790412,229893.96245117387
4,2021-04-22-US-SJC-1,SamsungS20Ultra,1303162396000,1,19,GPS_L1,1303162395925971038,7250484.591,-14421176.358,20784291.742,2701.265,-100.399,-1008.7,-2829.652,0.001,22317504.813,8.994,0.0,5.632,4.224,22314665.305000003,G19,1303162396999,-2681998.6210395573,-4311671.548596577,3846721.48790412,229893.96245117387
5,2021-04-22-US-SJC-1,SamsungS20Ultra,1303162396000,1,28,GPS_L1,1303162395917715026,11786903.353,-23902652.716,-487267.742,150.84,213.199,-3188.684,174695.923,-0.001,24792594.944,6.595,0.0,10.43,13.12,24967267.316999998,G28,1303162396999,-2681998.6210395573,-4311671.548596577,3846721.48790412,229893.96245117387
0,2021-04-22-US-SJC-1,SamsungS20Ultra,1303162397000,1,2,GPS_L1,1303162396929912318,-11897694.443,-21948169.577,9644823.842,958.205,649.991,2861.011,-179289.235,-0.0,21135938.794,4.497,0.0,4.014,2.661,20956642.884000003,G2,1303162397999,-2681999.6702067787,-4311674.805508526,3846717.3495367183,230021.5907755175
1,2021-04-22-US-SJC-1,SamsungS20Ultra,1303162397000,1,6,GPS_L1,1303162396930093530,-988199.217,-19710788.759,17807511.427,1533.173,1645.765,1919.0,2794.813,0.001,21081612.803,8.694,0.0,4.142,2.846,21084400.628,G6,1303162397999,-2681999.6702067787,-4311674.805508526,3846717.3495367183,230021.5907755175
2,2021-04-22-US-SJC-1,SamsungS20Ultra,1303162397000,1,12,GPS_L1,1303162396929218827,-13724645.078,-5590538.64,21786073.135,1149.023,-2579.539,75.391,-9398.466,-0.002,21343842.166,6.895,0.0,4.534,3.19,21334435.976,G12,1303162397999,-2681999.6702067787,-4311674.805508526,3846717.3495367183,230021.5907755175
3,2021-04-22-US-SJC-1,SamsungS20Ultra,1303162397000,1,17,GPS_L1,1303162396918488206,15760672.997,-13289485.351,17171662.169,2094.47,-109.728,-2058.734,129137.02,0.003,24560801.411,9.294,0.0,8.153,9.325,24689920.952999998,G17,1303162397999,-2681999.6702067787,-4311674.805508526,3846717.3495367183,230021.5907755175
4,2021-04-22-US-SJC-1,SamsungS20Ultra,1303162397000,1,19,GPS_L1,1303162396925968997,7253185.783,-14421276.834,20783282.816,2701.131,-100.554,-1009.155,-2829.652,0.001,22318116.689,6.895,0.0,5.633,4.224,22315277.18,G19,1303162397999,-2681999.6702067787,-4311674.805508526,3846717.3495367183,230021.5907755175
5,2021-04-22-US-SJC-1,SamsungS20Ultra,1303162397000,1,28,GPS_L1,1303162396917713017,11787054.116,-23902439.34,-490456.414,150.686,213.553,-3188.673,174695.922,-0.001,24793197.227,6.895,0.0,10.431,13.126,24967869.592,G28,1303162397999,-2681999.6702067787,-4311674.805508526,3846717.3495367183,230021.5907755175
0,2021-04-22-US-SJC-1,SamsungS20Ultra,1303162398000,1,17,GPS_L1,1303162397918486124,15762767.332,-13289595.13,17169603.262,2094.212,-109.83,-2059.089,129137.023,0.003,24561425.579,11.692,0.0,8.154,9.328,24690545.119999997,G17,1303162398999,-2682001.8791159936,-4311677.151901762,3846713.075433489,230147.73289490308
1,2021-04-22-US-SJC-1,SamsungS20Ultra,1303162398000,1,19,GPS_L1,1303162397925966943,7255886.84,-14421377.466,20782273.435,2700.996,-100.709,-1009.61,-2829.651,0.001,22318732.463,6.895,0.0,5.633,4.225,22315892.953999996,G19,1303162398999,-2682001.8791159936,-4311677.151901762,3846713.075433489,230147.73289490308
2,2021-04-22-US-SJC-1,SamsungS20Ultra,1303162398000,1,25,GPS_L1,1303162397919458849,-16774515.177,8963729.804,18159332.558,648.969,-2286.15,1729.881,37061.779,0.001,24269809.96,9.294,0.0,8.576,10.378,24306852.785,G25,1303162398999,-2682001.8791159936,-4311677.151901762,3846713.075433489,230147.73289490308
3,2021-04-22-US-SJC-1,SamsungS20Ultra,1303162398000,1,2,GPS_L1,1303162397929912500,-11896736.098,-21947519.486,9647684.753,958.484,650.191,2860.81,-179289.235,-0.0,21135884.232,5.096,0.0,4.014,2.661,20956588.322000004,G2,1303162398999,-2682001.8791159936,-4311677.151901762,3846713.075433489,230147.73289490308
4,2021-04-22-US-SJC-1,SamsungS20Ultra,1303162398000,1,6,GPS_L1,1303162397930092478,-986665.917,-19709142.951,17809430.236,1533.429,1645.855,1918.622,2794.814,0.001,21081928.185,4.797,0.0,4.142,2.846,21084716.010999996,G6,1303162398999,-2682001.8791159936,-4311677.151901762,3846713.075433489,230147.73289490308
5,2021-04-22-US-SJC-1,SamsungS20Ultra,1303162398000,1,12,GPS_L1,1303162397929219678,-13723496.13,-5593118.218,21786148.288,1148.873,-2579.614,74.916,-9398.468,-0.002,21343587.042,6.895,0.0,4.533,3.19,21334180.851,G12,1303162398999,-2682001.8791159936,-4311677.151901762,3846713.075433489,230147.73289490308
6,2021-04-22-US-SJC-1,SamsungS20Ultra,1303162398000,1,28,GPS_L1,1303162397917710999,11787204.724,-23902225.611,-493645.077,150.531,213.907,-3188.663,174695.921,-0.001,24793802.208,8.994,0.0,10.433,13.132,24968474.564000003,G28,1303162398999,-2682001.8791159936,-4311677.151901762,3846713.075433489,230147.73289490308
0,2021-04-22-US-SJC-1,SamsungS20Ultra,1303162399000,1,2,GPS_L1,1303162398929912676,-11895777.475,-21946869.194,9650545.463,958.763,650.391,2860.61,-179289.235,-0.0,21135831.468,4.497,0.0,4.013,2.661,20956535.559,G2,1303162399999,-2682005.5111295385,-4311678.126359549,3846709.5411016317,230276.04306055416
1,2021-04-22-US-SJC-1,SamsungS20Ultra,1303162399000,1,6,GPS_L1,1303162398930091403,-985132.362,-19707497.052,17811348.667,1533.684,1645.945,1918.244,2794.815,0.001,21082250.462,4.797,0.0,4.142,2.846,21085038.289,G6,1303162399999,-2682005.5111295385,-4311678.126359549,3846709.5411016317,230276.04306055416
2,2021-04-22-US-SJC-1,SamsungS20Ultra,1303162399000,1,12,GPS_L1,1303162398929220518,-13722347.332,-5595697.873,21786222.966,1148.722,-2579.69,74.441,-9398.47,-0.002,21343335.216,4.497,0.0,4.533,3.189,21333929.024,G12,1303162399999,-2682005.5111295385,-4311678.126359549,3846709.5411016317,230276.04306055416
3,2021-04-22-US-SJC-1,SamsungS20Ultra,1303162399000,1,17,GPS_L1,1303162398918484032,15764861.411,-13289705.011,17167544.0,2093.955,-109.932,-2059.443,129137.026,0.003,24562052.745,12.591,0.0,8.155,9.331,24691172.285,G17,1303162399999,-2682005.5111295385,-4311678.126359549,3846709.5411016317,230276.04306055416
4,2021-04-22-US-SJC-1,SamsungS20Ultra,1303162399000,1,19,GPS_L1,1303162398925964881,7258587.763,-14421478.253,20781263.6,2700.861,-100.864,-1010.064,-2829.651,0.001,22319350.635,7.495,0.0,5.634,4.226,22316511.124,G19,1303162399999,-2682005.5111295385,-4311678.126359549,3846709.5411016317,230276.04306055416
5,2021-04-22-US-SJC-1,SamsungS20Ultra,1303162399000,1,28,GPS_L1,1303162398917708985,11787355.178,-23902011.528,-496833.728,150.377,214.261,-3188.653,174695.919,-0.001,24794405.99,8.394,0.0,10.434,13.139,24969078.336,G28,1303162399999,-2682005.5111295385,-4311678.126359549,3846709.5411016317,230276.04306055416
0,2021-04-22-US-SJC-1,SamsungS20Ultra,1303162400000,1,2,GPS_L1,1303162399929912852,-11894818.572,-21946218.703,9653405.972,959.041,650.591,2860.409,-179289.235,-0.0,21135778.705,3.897,0.0,4.013,2.661,20956482.796,G2,1303162400999,-2682010.130147686,-4311677.815005159,3846706.738304977,230401.01931876707
1,2021-04-22-US-SJC-1,SamsungS20Ultra,1303162400000,1,6,GPS_L1,1303162399930090328,-983598.551,-19705851.064,17813266.72,1533.94,1646.035,1917.866,2794.816,0.001,21082572.739,3.298,0.0,4.142,2.846,21085360.566999998,G6,1303162400999,-2682010.130147686,-4311677.815005159,3846706.738304977,230401.01931876707
2,2021-04-22-US-SJC-1,SamsungS20Ultra,1303162400000,1,12,GPS_L1,1303162399929221376,-13721198.685,-5598277.602,21786297.169,1148.572,-2579.765,73.967,-9398.473,-0.002,21343077.995,3.298,0.0,4.533,3.189,21333671.8,G12,1303162400999,-2682010.130147686,-4311677.815005159,3846706.738304977,230401.01931876707
3,2021-04-22-US-SJC-1,SamsungS20Ultra,1303162400000,1,17,GPS_L1,1303162399918481962,15766955.233,-13289814.994,17165484.384,2093.697,-110.034,-2059.798,129137.029,0.003,24562673.315,11.692,0.0,8.156,9.334,24691792.854000002,G17,1303162400999,-2682010.130147686,-4311677.815005159,3846706.738304977,230401.01931876707
4,2021-04-22-US-SJC-1,SamsungS20Ultra,1303162400000,1,19,GPS_L1,1303162399925962831,7261288.551,-14421579.195,20780253.31,2700.726,-101.02,-1010.519,-2829.65,0.001,22319965.21,8.094,0.0,5.634,4.226,22317125.700000003,G19,1303162400999,-2682010.130147686,-4311677.815005159,3846706.738304977,230401.01931876707
5,2021-04-22-US-SJC-1,SamsungS20Ultra,1303162400000,1,28,GPS_L1,1303162399917706973,11787505.478,-23901797.091,-500022.369,150.223,214.615,-3188.642,174695.918,-0.001,24795009.172,7.795,0.0,10.436,13.145,24969681.509,G28,1303162400999,-2682010.130147686,-4311677.815005159,3846706.738304977,230401.01931876707
0,2021-04-22-US-SJC-1,SamsungS20Ultra,1303162401000,1,17,GPS_L1,1303162400918479869,15769048.797,-13289925.078,17163424.414,2093.44,-110.136,-2060.152,129137.032,0.003,24563300.781,18.887,0.0,8.157,9.338,24692420.318,G17,1303162401999,-2682016.0334364614,-4311676.736569603,3846703.949587501,230527.97286771357
1,2021-04-22-US-SJC-1,SamsungS20Ultra,1303162401000,1,19,GPS_L1,1303162400925960752,7263989.204,-14421680.293,20779242.566,2700.591,-101.175,-1010.973,-2829.649,0.001,22320588.478,11.992,0.0,5.635,4.227,22317748.966999996,G19,1303162401999,-2682016.0334364614,-4311676.736569603,3846703.949587501,230527.97286771357
2,2021-04-22-US-SJC-1,SamsungS20Ultra,1303162401000,1,25,GPS_L1,1303162400919463680,-16772568.515,8956870.246,18164520.418,648.803,-2286.88,1728.686,37061.782,0.001,24268361.663,7.495,0.0,8.573,10.365,24305404.507000003,G25,1303162401999,-2682016.0334364614,-4311676.736569603,3846703.949587501,230527.97286771357
3,2021-04-22-US-SJC-1,SamsungS20Ultra,1303162401000,1,2,GPS_L1,1303162400929913030,-11893859.39,-21945568.012,9656266.281,959.32,650.79,2860.208,-179289.236,-0.0,21135725.342,4.797,0.0,4.013,2.661,20956429.432,G2,1303162401999,-2682016.0334364614,-4311676.736569603,3846703.949587501,230527.97286771357
4,2021-04-22-US-SJC-1,SamsungS20Ultra,1303162401000,1,6,GPS_L1,1303162400930089247,-982064.483,-19704204.987,17815184.395,1534.196,1646.124,1917.488,2794.817,0.001,21082896.814,5.096,0.0,4.142,2.846,21085684.643,G6,1303162401999,-2682016.0334364614,-4311676.736569603,3846703.949587501,230527.97286771357
5,2021-04-22-US-SJC-1,SamsungS20Ultra,1303162401000,1,12,GPS_L1,1303162400929222228,-13720050.187,-5600857.407,21786370.898,1148.422,-2579.84,73.492,-9398.475,-0.002,21342822.571,2.998,0.0,4.532,3.189,21333416.374999996,G12,1303162401999,-2682016.0334364614,-4311676.736569603,3846703.949587501,230527.97286771357
6,2021-04-22-US-SJC-1,SamsungS20Ultra,1303162401000,1,28,GPS_L1,1303162400917704938,11787655.624,-23901582.299,-503210.999,150.069,214.969,-3188.632,174695.916,-0.001,24795619.25,8.694,0.0,10.437,13.151,24970291.578,G28,1303162401999,-2682016.0334364614,-4311676.736569603,3846703.949587501,230527.97286771357
0,2021-04-22-US-SJC-1,SamsungS20Ultra,1303162402000,1,2,GPS_L1,1303162401929913200,-11892899.929,-21944917.122,9659126.389,959.599,650.99,2860.007,-179289.236,-0.0,21135674.377,5.096,0.0,4.013,2.66,20956378.468,G2,1303162402999,-2682023.2769808327,-4311675.283892657,3846700.6493224716,230655.46288150662
1,2021-04-22-US-SJC-1,SamsungS20Ultra,1303162402000,1,6,GPS_L1,1303162401930088159,-980530.161,-19702558.819,17817101.691,1534.452,1646.214,1917.11,2794.818,0.001,21083222.988,5.696,0.0,4.142,2.846,21086010.818,G6,1303162402999,-2682023.2769808327,-4311675.283892657,3846700.6493224716,230655.46288150662
2,2021-04-22-US-SJC-1,SamsungS20Ultra,1303162402000,1,12,GPS_L1,1303162401929223081,-13718901.84,-5603437.288,21786444.152,1148.271,-2579.915,73.017,-9398.477,-0.002,21342566.848,2.998,0.0,4.532,3.188,21333160.650999997,G12,1303162402999,-2682023.2769808327,-4311675.283892657,3846700.6493224716,230655.46288150662
3,2021-04-22-US-SJC-1,SamsungS20Ultra,1303162402000,1,17,GPS_L1,1303162401918477769,15771142.104,-13290035.264,17161364.089,2093.182,-110.237,-2060.506,129137.035,0.003,24563930.345,20.386,0.0,8.157,9.341,24693049.882,G17,1303162402999,-2682023.2769808327,-4311675.283892657,3846700.6493224716,230655.46288150662
4,2021-04-22-US-SJC-1,SamsungS20Ultra,1303162402000,1,19,GPS_L1,1303162401925958704,7266689.722,-14421781.546,20778231.367,2700.456,-101.33,-1011.427,-2829.649,0.001,22321202.453,10.793,0.0,5.636,4.228,22318362.94,G19,1303162402999,-2682023.2769808327,-4311675.283892657,3846700.6493224716,230655.46288150662
5,2021-04-22-US-SJC-1,SamsungS20Ultra,1303162402000,1,25,GPS_L1,1303162401919465316,-16771919.738,8954583.241,18166248.907,648.748,-2287.124,1728.288,37061.784,0.001,24267871.202,9.593,0.0,8.572,10.361,24304914.053,G25,1303162402999,-2682023.2769808327,-4311675.283892657,3846700.6493224716,230655.46288150662
6,2021-04-22-US-SJC-1,SamsungS20Ultra,1303162402000,1,28,GPS_L1,1303162401917702888,11787805.615,-23901367.154,-506399.619,149.915,215.323,-3188.621,174695.915,-0.001,24796233.825,9.294,0.0,10.439,13.157,24970906.143999998,G28,1303162402999,-2682023.2769808327,-4311675.283892657,3846700.6493224716,230655.46288150662
0,2021-04-22-US-SJC-1,SamsungS20Ultra,1303162403000,1,2,GPS_L1,1303162402929913385,-11891940.19,-21944266.032,9661986.296,959.878,651.19,2859.806,-179289.236,-0.0,21135618.915,5.096,0.0,4.013,2.66,20956323.005999997,G2,1303162403999,-2682030.9693534942,-4311673.760786272,3846697.067142992,230779.6472001413
1,2021-04-22-US-SJC-1,SamsungS20Ultra,1303162403000,1,6,GPS_L1,1303162402930087077,-978995.583,-19700912.562,17819018.611,1534.707,1646.303,1916.732,2794.819,0.001,21083547.364,7.495,0.0,4.142,2.846,21086335.194999997,G6,1303162403999,-2682030.9693534942,-4311673.760786272,3846697.067142992,230779.6472001413
2,2021-04-22-US-SJC-1,SamsungS20Ultra,1303162403000,1,12,GPS_L1,1303162402929223933,-13717753.643,-5606017.242,21786516.932,1148.121,-2579.991,72.542,-9398.48,-0.002,21342311.425,2.998,0.0,4.532,3.188,21332905.224999998,G12,1303162403999,-2682030.9693534942,-4311673.760786272,3846697.067142992,230779.6472001413
3,2021-04-22-US-SJC-1,SamsungS20Ultra,1303162403000,1,17,GPS_L1,1303162402918475652,15773235.153,-13290145.552,17159303.41,2092.924,-110.339,-2060.86,129137.038,0.003,24564565.006,21.885,0.0,8.158,9.344,24693684.542,G17,1303162403999,-2682030.9693534942,-4311673.760786272,3846697.067142992,230779.6472001413
4,2021-04-22-US-SJC-1,SamsungS20Ultra,1303162403000,1,19,GPS_L1,1303162402925956616,7269390.105,-14421882.953,20777219.715,2700.321,-101.485,-1011.882,-2829.648,0.001,22321828.42,8.694,0.0,5.636,4.228,22318988.908000004,G19,1303162403999,-2682030.9693534942,-4311673.760786272,3846697.067142992,230779.6472001413
5,2021-04-22-US-SJC-1,SamsungS20Ultra,1303162403000,1,25,GPS_L1,1303162402919466945,-16771271.016,8952295.992,18167976.999,648.693,-2287.367,1727.89,37061.785,0.001,24267382.84,18.587,0.0,8.571,10.356,24304425.698000003,G25,1303162403999,-2682030.9693534942,-4311673.760786272,3846697.067142992,230779.6472001413
6,2021-04-22-US-SJC-1,SamsungS20Ultra,1303162403000,1,28,GPS_L1,1303162402917700837,11787955.453,-23901151.654,-509588.229,149.761,215.677,-3188.61,174695.913,-0.001,24796848.699,12.291,0.0,10.44,13.163,24971521.009,G28,1303162403999,-2682030.9693534942,-4311673.760786272,3846697.067142992,230779.6472001413
0,2021-04-22-US-SJC-1,SamsungS20Ultra,1303162404000,1,2,GPS_L1,1303162403929913559,-11890980.172,-21943614.742,9664846.003,960.157,651.389,2859.605,-179289.236,-0.0,21135566.752,5.096,0.0,4.012,2.66,20956270.844,G2,1303162404999,-2682038.3271780456,-4311672.288776589,3846693.5608099084,230910.79704852856
1,2021-04-22-US-SJC-1,SamsungS20Ultra,1303162404000,1,6,GPS_L1,1303162403930085974,-977460.75,-19699266.217,17820935.151,1534.963,1646.393,1916.354,2794.82,0.001,21083878.035,14.09,0.0,4.143,2.846,21086665.866,G6,1303162404999,-2682038.3271780456,-4311672.288776589,3846693.5608099084,230910.79704852856
2,2021-04-22-US-SJC-1,SamsungS20Ultra,1303162404000,1,12,GPS_L1,1303162403929224784,-13716605.597,-5608597.272,21786589.237,1147.971,-2580.066,72.068,-9398.482,-0.002,21342056.302,2.998,0.0,4.531,3.188,21332650.101,G12,1303162404999,-2682038.3271780456,-4311672.288776589,3846693.5608099084,230910.79704852856
3,2021-04-22-US-SJC-1,SamsungS20Ultra,1303162404000,1,17,GPS_L1,1303162403918473554,15775327.943,-13290255.942,17157242.378,2092.667,-110.441,-2061.214,129137.041,0.003,24565193.97,15.289,0.0,8.159,9.347,24694313.505,G17,1303162404999,-2682038.3271780456,-4311672.288776589,3846693.5608099084,230910.79704852856
4,2021-04-22-US-SJC-1,SamsungS20Ultra,1303162404000,1,19,GPS_L1,1303162403925954548,7272090.353,-14421984.516,20776207.608,2700.186,-101.64,-1012.336,-2829.648,0.001,22322448.391,8.694,0.0,5.637,4.229,22319608.877000004,G19,1303162404999,-2682038.3271780456,-4311672.288776589,3846693.5608099084,230910.79704852856
5,2021-04-22-US-SJC-1,SamsungS20Ultra,1303162404000,1,25,GPS_L1,1303162403919468638,-16770622.35,8950008.5,18169704.692,648.638,-2287.61,1727.491,37061.786,0.001,24266875.292,12.291,0.0,8.57,10.352,24303918.155999996,G25,1303162404999,-2682038.3271780456,-4311672.288776589,3846693.5608099084,230910.79704852856
6,2021-04-22-US-SJC-1,SamsungS20Ultra,1303162404000,1,28,GPS_L1,1303162403917698763,11788105.137,-23900935.8,-512776.827,149.607,216.031,-3188.6,174695.912,-0.001,24797470.468,21.585,0.0,10.441,13.169,24972142.77,G28,1303162404999,-2682038.3271780456,-4311672.288776589,3846693.5608099084,230910.79704852856
0,2021-04-22-US-SJC-1,SamsungS20Ultra,1303162405000,1,2,GPS_L1,1303162404929913730,-11890019.875,-21942963.253,9667705.509,960.436,651.589,2859.404,-179289.237,-0.0,21135515.487,5.096,0.0,4.012,2.66,20956219.578,G2,1303162405999,-2682045.181750258,-4311670.89419317,3846690.399241408,231036.1503604407
1,2021-04-22-US-SJC-1,SamsungS20Ultra,1303162405000,1,6,GPS_L1,1303162404930084891,-975925.661,-19697619.781,17822851.314,1535.219,1646.482,1915.975,2794.821,0.001,21084202.71,14.39,0.0,4.143,2.847,21086990.541,G6,1303162405999,-2682045.181750258,-4311670.89419317,3846690.399241408,231036.1503604407
2,2021-04-22-US-SJC-1,SamsungS20Ultra,1303162405000,1,12,GPS_L1,1303162404929225636,-13715457.7,-5611177.379,21786661.067,1147.82,-2580.141,71.593,-9398.484,-0.002,21341800.879,3.298,0.0,4.531,3.187,21332394.677,G12,1303162405999,-2682045.181750258,-4311670.89419317,3846690.399241408,231036.1503604407
3,2021-04-22-US-SJC-1,SamsungS20Ultra,1303162405000,1,17,GPS_L1,1303162404918471455,15777420.477,-13290366.433,17155180.99,2092.409,-110.542,-2061.568,129137.043,0.003,24565823.234,11.092,0.0,8.16,9.35,24694942.767,G17,1303162405999,-2682045.181750258,-4311670.89419317,3846690.399241408,231036.1503604407
4,2021-04-22-US-SJC-1,SamsungS20Ultra,1303162405000,1,19,GPS_L1,1303162404925952488,7274790.467,-14422086.233,20775195.046,2700.051,-101.795,-1012.791,-2829.647,0.001,22323065.963,9.593,0.0,5.638,4.23,22320226.448,G19,1303162405999,-2682045.181750258,-4311670.89419317,3846690.399241408,231036.1503604407
5,2021-04-22-US-SJC-1,SamsungS20Ultra,1303162405000,1,25,GPS_L1,1303162404919470257,-16769973.738,8947720.764,18171431.988,648.583,-2287.853,1727.093,37061.787,0.001,24266389.928,14.39,0.0,8.57,10.348,24303432.797,G25,1303162405999,-2682045.181750258,-4311670.89419317,3846690.399241408,231036.1503604407
6,2021-04-22-US-SJC-1,SamsungS20Ultra,1303162405000,1,28,GPS_L1,1303162404917696726,11788254.666,-23900719.592,-515965.415,149.453,216.386,-3188.589,174695.91,-0.001,24798081.146,21.585,0.0,10.443,13.175,24972753.438,G28,1303162405999,-2682045.181750258,-4311670.89419317,3846690.399241408,231036.1503604407
0,2021-04-22-US-SJC-1,SamsungS20Ultra,1303162406000,1,2,GPS_L1,1303162405929913902,-11889059.299,-21942311.564,9670564.812,960.716,651.788,2859.203,-179289.237,-0.0,21135463.923,5.096,0.0,4.012,2.66,20956168.014000002,G2,1303162406999,-2682051.7871464714,-4311669.53612458,3846687.336594268,231161.8926521996
1,2021-04-22-US-SJC-1,SamsungS20Ultra,1303162406000,1,6,GPS_L1,1303162405930083825,-974390.316,-19695973.256,17824767.098,1535.474,1646.571,1915.597,2794.822,0.001,21084522.289,10.193,0.0,4.143,2.847,21087310.121000003,G6,1303162406999,-2682051.7871464714,-4311669.53612458,3846687.336594268,231161.8926521996
2,2021-04-22-US-SJC-1,SamsungS20Ultra,1303162406000,1,12,GPS_L1,1303162405929226485,-13714309.954,-5613757.559,21786732.423,1147.67,-2580.216,71.118,-9398.487,-0.002,21341546.355,3.298,0.0,4.53,3.187,21332140.151,G12,1303162406999,-2682051.7871464714,-4311669.53612458,3846687.336594268,231161.8926521996
3,2021-04-22-US-SJC-1,SamsungS20Ultra,1303162406000,1,17,GPS_L1,1303162405918469351,15779512.752,-13290477.025,17153119.249,2092.151,-110.644,-2061.922,129137.046,0.003,24566453.998,17.088,0.0,8.161,9.353,24695573.53,G17,1303162406999,-2682051.7871464714,-4311669.53612458,3846687.336594268,231161.8926521996
4,2021-04-22-US-SJC-1,SamsungS20Ultra,1303162406000,1,19,GPS_L1,1303162405925950434,7277490.444,-14422188.106,20774182.03,2699.916,-101.951,-1013.245,-2829.647,0.001,22323681.737,8.094,0.0,5.638,4.23,22320842.222,G19,1303162406999,-2682051.7871464714,-4311669.53612458,3846687.336594268,231161.8926521996
5,2021-04-22-US-SJC-1,SamsungS20Ultra,1303162406000,1,25,GPS_L1,1303162405919471825,-16769325.182,8945432.785,18173158.885,648.527,-2288.096,1726.695,37061.788,0.001,24265919.853,20.686,0.0,8.569,10.343,24302962.729000002,G25,1303162406999,-2682051.7871464714,-4311669.53612458,3846687.336594268,231161.8926521996
6,2021-04-22-US-SJC-1,SamsungS20Ultra,1303162406000,1,28,GPS_L1,1303162405917694694,11788404.042,-23900503.029,-519153.991,149.299,216.74,-3188.578,174695.909,-0.001,24798690.324,25.782,0.0,10.444,13.182,24973362.607000005,G28,1303162406999,-2682051.7871464714,-4311669.53612458,3846687.336594268,231161.8926521996
0,2021-04-22-US-SJC-1,SamsungS20Ultra,1303162407000,1,17,GPS_L1,1303162406918467231,15781604.77,-13290587.72,17151057.154,2091.893,-110.745,-2062.276,129137.049,0.003,24567089.558,11.392,0.0,8.162,9.356,24696209.088999998,G17,1303162407999,-2682058.1940768366,-4311668.217200205,3846684.38429269,231289.73914974954
1,2021-04-22-US-SJC-1,SamsungS20Ultra,1303162407000,1,19,GPS_L1,1303162406925948357,7280190.286,-14422290.134,20773168.56,2699.78,-102.106,-1013.7,-2829.646,0.001,22324304.406,8.694,0.0,5.639,4.231,22321464.89,G19,1303162407999,-2682058.1940768366,-4311668.217200205,3846684.38429269,231289.73914974954
2,2021-04-22-US-SJC-1,SamsungS20Ultra,1303162407000,1,2,GPS_L1,1303162406929914080,-11888098.444,-21941659.676,9673423.916,960.995,651.988,2859.002,-179289.237,-0.0,21135410.56,5.096,0.0,4.012,2.66,20956114.651,G2,1303162407999,-2682058.1940768366,-4311668.217200205,3846684.38429269,231289.73914974954
3,2021-04-22-US-SJC-1,SamsungS20Ultra,1303162407000,1,6,GPS_L1,1303162406930082734,-972854.715,-19694326.642,17826682.504,1535.73,1646.661,1915.219,2794.823,0.001,21084849.363,8.994,0.0,4.143,2.847,21087637.196000002,G6,1303162407999,-2682058.1940768366,-4311668.217200205,3846684.38429269,231289.73914974954
4,2021-04-22-US-SJC-1,SamsungS20Ultra,1303162407000,1,12,GPS_L1,1303162406929227338,-13713162.359,-5616337.814,21786803.304,1147.519,-2580.291,70.643,-9398.489,-0.002,21341290.632,3.298,0.0,4.53,3.187,21331884.426,G12,1303162407999,-2682058.1940768366,-4311668.217200205,3846684.38429269,231289.73914974954
5,2021-04-22-US-SJC-1,SamsungS20Ultra,1303162407000,1,28,GPS_L1,1303162406917692698,11788553.264,-23900286.113,-522342.557,149.145,217.094,-3188.567,174695.907,-0.001,24799288.71,17.988,0.0,10.446,13.188,24973960.983000003,G28,1303162407999,-2682058.1940768366,-4311668.217200205,3846684.38429269,231289.73914974954
0,2021-04-22-US-SJC-1,SamsungS20Ultra,1303162408000,1,2,GPS_L1,1303162407929914258,-11887137.309,-21941007.589,9676282.818,961.274,652.187,2858.801,-179289.237,-0.0,21135357.197,4.497,0.0,4.012,2.66,20956061.288000003,G2,1303162408999,-2682064.324558564,-4311666.857660874,3846681.685148705,231413.17383244727
1,2021-04-22-US-SJC-1,SamsungS20Ultra,1303162408000,1,6,GPS_L1,1303162407930081657,-971318.859,-19692679.938,17828597.531,1535.986,1646.75,1914.84,2794.824,0.001,21085172.239,11.392,0.0,4.143,2.847,21087960.073000003,G6,1303162408999,-2682064.324558564,-4311666.857660874,3846681.685148705,231413.17383244727
2,2021-04-22-US-SJC-1,SamsungS20Ultra,1303162408000,1,12,GPS_L1,1303162407929228191,-13712014.914,-5618918.144,21786873.71,1147.369,-2580.365,70.169,-9398.491,-0.002,21341034.909,4.197,0.0,4.53,3.186,21331628.702,G12,1303162408999,-2682064.324558564,-4311666.857660874,3846681.685148705,231413.17383244727
3,2021-04-22-US-SJC-1,SamsungS20Ultra,1303162408000,1,17,GPS_L1,1303162407918465131,15783696.529,-13290698.515,17148994.705,2091.635,-110.847,-2062.63,129137.052,0.003,24567719.122,16.788,0.0,8.162,9.359,24696838.653,G17,1303162408999,-2682064.324558564,-4311666.857660874,3846681.685148705,231413.17383244727
4,2021-04-22-US-SJC-1,SamsungS20Ultra,1303162408000,1,19,GPS_L1,1303162407925946305,7282889.993,-14422392.317,20772154.635,2699.645,-102.261,-1014.154,-2829.645,0.001,22324919.58,11.092,0.0,5.64,4.231,22322080.064,G19,1303162408999,-2682064.324558564,-4311666.857660874,3846681.685148705,231413.17383244727
5,2021-04-22-US-SJC-1,SamsungS20Ultra,1303162408000,1,28,GPS_L1,1303162407917690693,11788702.332,-23900068.842,-525531.112,148.991,217.449,-3188.556,174695.906,-0.001,24799889.794,17.688,0.0,10.447,13.194,24974562.059,G28,1303162408999,-2682064.324558564,-4311666.857660874,3846681.685148705,231413.17383244727
0,2021-04-22-US-SJC-1,SamsungS20Ultra,1303162409000,1,2,GPS_L1,1303162408929914429,-11886175.896,-21940355.302,9679141.518,961.553,652.386,2858.6,-179289.237,-0.0,21135305.932,4.497,0.0,4.012,2.659,20956010.024,G2,1303162409999,-2682070.613162979,-4311665.406668505,3846678.928831783,231541.51777641723
1,2021-04-22-US-SJC-1,SamsungS20Ultra,1303162409000,1,6,GPS_L1,1303162408930080583,-969782.747,-19691033.146,17830512.181,1536.241,1646.839,1914.462,2794.825,0.001,21085494.216,12.291,0.0,4.143,2.847,21088282.051,G6,1303162409999,-2682070.613162979,-4311665.406668505,3846678.928831783,231541.51777641723
2,2021-04-22-US-SJC-1,SamsungS20Ultra,1303162409000,1,12,GPS_L1,1303162408929229033,-13710867.62,-5621498.549,21786943.641,1147.218,-2580.44,69.694,-9398.494,-0.002,21340782.484,4.497,0.0,4.529,3.186,21331376.275000002,G12,1303162409999,-2682070.613162979,-4311665.406668505,3846678.928831783,231541.51777641723
3,2021-04-22-US-SJC-1,SamsungS20Ultra,1303162409000,1,17,GPS_L1,1303162408918463031,15785788.031,-13290809.412,17146931.902,2091.377,-110.948,-2062.984,129137.055,0.003,24568348.686,9.593,0.0,8.163,9.363,24697468.215,G17,1303162409999,-2682070.613162979,-4311665.406668505,3846678.928831783,231541.51777641723
4,2021-04-22-US-SJC-1,SamsungS20Ultra,1303162409000,1,19,GPS_L1,1303162408925944223,7285589.565,-14422494.655,20771140.256,2699.509,-102.416,-1014.608,-2829.645,0.001,22325543.748,10.193,0.0,5.64,4.232,22322704.231,G19,1303162409999,-2682070.613162979,-4311665.406668505,3846678.928831783,231541.51777641723
5,2021-04-22-US-SJC-1,SamsungS20Ultra,1303162409000,1,28,GPS_L1,1303162408917688635,11788851.246,-23899851.217,-528719.655,148.838,217.803,-3188.545,174695.904,-0.001,24800506.766,19.487,0.0,10.448,13.2,24975179.022,G28,1303162409999,-2682070.613162979,-4311665.406668505,3846678.928831783,231541.51777641723
0,2021-04-22-US-SJC-1,SamsungS20Ultra,1303162410000,1,2,GPS_L1,1303162409929914609,-11885214.204,-21939702.816,9682000.018,961.832,652.586,2858.398,-179289.238,-0.0,21135251.97,5.096,0.0,4.011,2.659,20955956.061999995,G2,1303162410999,-2682078.5126215112,-4311663.596693068,3846675.473033744,231668.27609507984
1,2021-04-22-US-SJC-1,SamsungS20Ultra,1303162410000,1,6,GPS_L1,1303162409930079490,-968246.38,-19689386.264,17832426.451,1536.497,1646.928,1914.084,2794.826,0.001,21085821.889,7.495,0.0,4.143,2.847,21088609.725,G6,1303162410999,-2682078.5126215112,-4311663.596693068,3846675.473033744,231668.27609507984
2,2021-04-22-US-SJC-1,SamsungS20Ultra,1303162410000,1,12,GPS_L1,1303162409929229887,-13709720.476,-5624079.029,21787013.098,1147.067,-2580.515,69.219,-9398.496,-0.002,21340526.461,3.897,0.0,4.529,3.186,21331120.25,G12,1303162410999,-2682078.5126215112,-4311663.596693068,3846675.473033744,231668.27609507984
3,2021-04-22-US-SJC-1,SamsungS20Ultra,1303162410000,1,17,GPS_L1,1303162409918460926,15787879.275,-13290920.411,17144868.745,2091.119,-111.049,-2063.338,129137.058,0.003,24568979.749,8.394,0.0,8.164,9.366,24698099.277,G17,1303162410999,-2682078.5126215112,-4311663.596693068,3846675.473033744,231668.27609507984
4,2021-04-22-US-SJC-1,SamsungS20Ultra,1303162410000,1,19,GPS_L1,1303162409925942167,7288289.001,-14422597.148,20770125.422,2699.374,-102.571,-1015.063,-2829.644,0.001,22326160.121,12.591,0.0,5.641,4.233,22323320.603,G19,1303162410999,-2682078.5126215112,-4311663.596693068,3846675.473033744,231668.27609507984
5,2021-04-22-US-SJC-1,SamsungS20Ultra,1303162410000,1,28,GPS_L1,1303162409917686577,11789000.007,-23899633.237,-531908.189,148.684,218.157,-3188.534,174695.903,-0.001,24801123.739,17.388,0.0,10.45,13.206,24975795.986,G28,1303162410999,-2682078.5126215112,-4311663.596693068,3846675.473033744,231668.27609507984
0,2021-04-22-US-SJC-1,SamsungS20Ultra,1303162411000,1,2,GPS_L1,1303162410929914781,-11884252.232,-21939050.131,9684858.317,962.111,652.785,2858.197,-179289.238,-0.0,21135200.405,5.096,0.0,4.011,2.659,20955904.496999998,G2,1303162411999,-2682087.8268559906,-4311661.675133719,3846671.3924668203,231796.28244739588
1,2021-04-22-US-SJC-1,SamsungS20Ultra,1303162411000,1,6,GPS_L1,1303162410930078407,-966709.757,-19687739.293,17834340.344,1536.753,1647.017,1913.705,2794.827,0.001,21086146.564,5.696,0.0,4.144,2.847,21088934.4,G6,1303162411999,-2682087.8268559906,-4311661.675133719,3846671.3924668203,231796.28244739588
2,2021-04-22-US-SJC-1,SamsungS20Ultra,1303162411000,1,12,GPS_L1,1303162410929230737,-13708573.483,-5626659.584,21787082.079,1146.917,-2580.59,68.744,-9398.498,-0.002,21340271.637,2.998,0.0,4.529,3.186,21330865.424,G12,1303162411999,-2682087.8268559906,-4311661.675133719,3846671.3924668203,231796.28244739588
3,2021-04-22-US-SJC-1,SamsungS20Ultra,1303162411000,1,17,GPS_L1,1303162410918458809,15789970.261,-13291031.511,17142805.234,2090.861,-111.151,-2063.692,129137.061,0.003,24569614.41,8.994,0.0,8.165,9.369,24698733.937000003,G17,1303162411999,-2682087.8268559906,-4311661.675133719,3846671.3924668203,231796.28244739588
4,2021-04-22-US-SJC-1,SamsungS20Ultra,1303162411000,1,19,GPS_L1,1303162410925940046,7290988.301,-14422699.796,20769110.135,2699.238,-102.726,-1015.517,-2829.644,0.001,22326795.981,15.289,0.0,5.641,4.233,22323956.463,G19,1303162411999,-2682087.8268559906,-4311661.675133719,3846671.3924668203,231796.28244739588
5,2021-04-22-US-SJC-1,SamsungS20Ultra,1303162411000,1,28,GPS_L1,1303162410917684564,11789148.614,-23899414.903,-535096.71,148.53,218.512,-3188.522,174695.901,-0.001,24801727.222,18.587,0.0,10.451,13.212,24976399.459999997,G28,1303162411999,-2682087.8268559906,-4311661.675133719,3846671.3924668203,231796.28244739588
0,2021-04-22-US-SJC-1,SamsungS20Ultra,1303162412000,1,2,GPS_L1,1303162411929914955,-11883289.981,-21938397.247,9687716.413,962.39,652.984,2857.996,-179289.238,-0.0,21135148.241,5.096,0.0,4.011,2.659,20955852.332999997,G2,1303162412999,-2682097.874720671,-4311659.460900003,3846666.7998234257,231921.75335764463
1,2021-04-22-US-SJC-1,SamsungS20Ultra,1303162412000,1,6,GPS_L1,1303162411930077302,-965172.878,-19686092.234,17836253.857,1537.008,1647.106,1913.327,2794.828,0.001,21086477.835,9.294,0.0,4.144,2.847,21089265.672000002,G6,1303162412999,-2682097.874720671,-4311659.460900003,3846666.7998234257,231921.75335764463
2,2021-04-22-US-SJC-1,SamsungS20Ultra,1303162412000,1,12,GPS_L1,1303162411929231590,-13707426.641,-5629240.212,21787150.587,1146.766,-2580.664,68.27,-9398.501,-0.002,21340015.914,3.598,0.0,4.528,3.185,21330609.700000003,G12,1303162412999,-2682097.874720671,-4311659.460900003,3846666.7998234257,231921.75335764463
3,2021-04-22-US-SJC-1,SamsungS20Ultra,1303162412000,1,17,GPS_L1,1303162411918456674,15792060.988,-13291142.712,17140741.37,2090.603,-111.252,-2064.046,129137.064,0.003,24570254.467,15.889,0.0,8.166,9.372,24699373.992999997,G17,1303162412999,-2682097.874720671,-4311659.460900003,3846666.7998234257,231921.75335764463
4,2021-04-22-US-SJC-1,SamsungS20Ultra,1303162412000,1,19,GPS_L1,1303162411925937994,7293687.465,-14422802.599,20768094.393,2699.102,-102.881,-1015.971,-2829.643,0.001,22327411.155,10.493,0.0,5.642,4.234,22324571.636,G19,1303162412999,-2682097.874720671,-4311659.460900003,3846666.7998234257,231921.75335764463
5,2021-04-22-US-SJC-1,SamsungS20Ultra,1303162412000,1,28,GPS_L1,1303162411917682556,11789297.067,-23899196.215,-538285.22,148.377,218.866,-3188.511,174695.9,-0.001,24802329.205,23.684,0.0,10.453,13.219,24977001.432999995,G28,1303162412999,-2682097.874720671,-4311659.460900003,3846666.7998234257,231921.75335764463
0,2021-04-22-US-SJC-1,SamsungS20Ultra,1303162413000,1,2,GPS_L1,1303162412929915135,-11882327.451,-21937744.163,9690574.308,962.669,653.183,2857.794,-179289.238,-0.0,21135094.279,4.497,0.0,4.011,2.659,20955798.370999996,G2,1303162413999,-2682108.1271864506,-4311657.231859982,3846662.1478890227,232044.20506115025
1,2021-04-22-US-SJC-1,SamsungS20Ultra,1303162413000,1,6,GPS_L1,1303162412930076219,-963635.744,-19684445.086,17838166.992,1537.264,1647.195,1912.948,2794.829,0.001,21086802.51,11.692,0.0,4.144,2.848,21089590.347,G6,1303162413999,-2682108.1271864506,-4311657.231859982,3846662.1478890227,232044.20506115025
2,2021-04-22-US-SJC-1,SamsungS20Ultra,1303162413000,1,12,GPS_L1,1303162412929232438,-13706279.949,-5631820.916,21787218.619,1146.615,-2580.739,67.795,-9398.503,-0.002,21339761.69,3.298,0.0,4.528,3.185,21330355.474000003,G12,1303162413999,-2682108.1271864506,-4311657.231859982,3846662.1478890227,232044.20506115025
3,2021-04-22-US-SJC-1,SamsungS20Ultra,1303162413000,1,17,GPS_L1,1303162412918454554,15794151.458,-13291254.015,17138677.151,2090.345,-111.353,-2064.4,129137.066,0.003,24570890.027,7.495,0.0,8.166,9.375,24700009.551999997,G17,1303162413999,-2682108.1271864506,-4311657.231859982,3846662.1478890227,232044.20506115025
4,2021-04-22-US-SJC-1,SamsungS20Ultra,1303162413000,1,19,GPS_L1,1303162412925935922,7296386.494,-14422905.557,20767078.197,2698.967,-103.036,-1016.425,-2829.643,0.001,22328032.325,13.491,0.0,5.643,4.235,22325192.804,G19,1303162413999,-2682108.1271864506,-4311657.231859982,3846662.1478890227,232044.20506115025
5,2021-04-22-US-SJC-1,SamsungS20Ultra,1303162413000,1,25,GPS_L1,1303162412919483271,-16764786.841,8929410.132,18185236.005,648.139,-2289.797,1723.905,37061.796,0.001,24262488.429,18.287,0.0,8.563,10.313,24299531.349,G25,1303162413999,-2682108.1271864506,-4311657.231859982,3846662.1478890227,232044.20506115025
6,2021-04-22-US-SJC-1,SamsungS20Ultra,1303162413000,1,28,GPS_L1,1303162412917680554,11789445.367,-23898977.172,-541473.72,148.223,219.22,-3188.5,174695.898,-0.001,24802929.389,24.283,0.0,10.454,13.225,24977601.607999995,G28,1303162413999,-2682108.1271864506,-4311657.231859982,3846662.1478890227,232044.20506115025
0,2021-04-22-US-SJC-1,SamsungS20Ultra,1303162414000,1,2,GPS_L1,1303162413929915307,-11881364.642,-21937090.88,9693432.002,962.948,653.382,2857.593,-179289.239,-0.0,21135042.714,4.497,0.0,4.011,2.659,20955746.805,G2,1303162414999,-2682117.83100478,-4311655.1898683775,3846657.7171241594,232170.59441469537
1,2021-04-22-US-SJC-1,SamsungS20Ultra,1303162414000,1,6,GPS_L1,1303162413930075125,-962098.354,-19682797.848,17840079.749,1537.519,1647.283,1912.569,2794.83,0.001,21087130.483,12.891,0.0,4.144,2.848,21089918.320999995,G6,1303162414999,-2682117.83100478,-4311655.1898683775,3846657.7171241594,232170.59441469537
2,2021-04-22-US-SJC-1,SamsungS20Ultra,1303162414000,1,12,GPS_L1,1303162413929233296,-13705133.407,-5634401.695,21787286.176,1146.465,-2580.813,67.32,-9398.505,-0.002,21339504.468,4.197,0.0,4.528,3.185,21330098.25,G12,1303162414999,-2682117.83100478,-4311655.1898683775,3846657.7171241594,232170.59441469537
3,2021-04-22-US-SJC-1,SamsungS20Ultra,1303162414000,1,17,GPS_L1,1303162413918452443,15796241.669,-13291365.418,17136612.579,2090.087,-111.455,-2064.753,129137.069,0.003,24571522.889,8.994,0.0,8.167,9.378,24700642.413,G17,1303162414999,-2682117.83100478,-4311655.1898683775,3846657.7171241594,232170.59441469537
4,2021-04-22-US-SJC-1,SamsungS20Ultra,1303162414000,1,19,GPS_L1,1303162413925933859,7299085.387,-14423008.67,20766061.546,2698.831,-103.191,-1016.88,-2829.642,0.001,22328650.797,10.793,0.0,5.643,4.235,22325811.277,G19,1303162414999,-2682117.83100478,-4311655.1898683775,3846657.7171241594,232170.59441469537
5,2021-04-22-US-SJC-1,SamsungS20Ultra,1303162414000,1,25,GPS_L1,1303162413919484852,-16764138.729,8927120.21,18186959.713,648.083,-2290.04,1723.506,37061.798,0.001,24262014.457,12.891,0.0,8.562,10.308,24299057.385,G25,1303162414999,-2682117.83100478,-4311655.1898683775,3846657.7171241594,232170.59441469537
6,2021-04-22-US-SJC-1,SamsungS20Ultra,1303162414000,1,28,GPS_L1,1303162413917678542,11789593.513,-23898757.775,-544662.207,148.07,219.575,-3188.488,174695.897,-0.001,24803532.572,24.583,0.0,10.456,13.231,24978204.782,G28,1303162414999,-2682117.83100478,-4311655.1898683775,3846657.7171241594,232170.59441469537
0,2021-04-22-US-SJC-1,SamsungS20Ultra,1303162415000,1,2,GPS_L1,1303162414929915486,-11880401.555,-21936437.399,9696289.494,963.228,653.581,2857.391,-179289.239,-0.0,21134989.052,4.797,0.0,4.01,2.659,20955693.143999998,G2,1303162415999,-2682126.3019675617,-4311653.368445568,3846653.8451500232,232295.09164868618
1,2021-04-22-US-SJC-1,SamsungS20Ultra,1303162415000,1,6,GPS_L1,1303162414930074014,-960560.709,-19681150.522,17841992.127,1537.775,1647.372,1912.191,2794.831,0.001,21087463.553,14.09,0.0,4.144,2.848,21090251.391999997,G6,1303162415999,-2682126.3019675617,-4311653.368445568,3846653.8451500232,232295.09164868618
2,2021-04-22-US-SJC-1,SamsungS20Ultra,1303162415000,1,12,GPS_L1,1303162414929234145,-13703987.017,-5636982.547,21787353.259,1146.314,-2580.888,66.845,-9398.508,-0.002,21339249.945,3.298,0.0,4.527,3.184,21329843.726,G12,1303162415999,-2682126.3019675617,-4311653.368445568,3846653.8451500232,232295.09164868618
3,2021-04-22-US-SJC-1,SamsungS20Ultra,1303162415000,1,17,GPS_L1,1303162414918450325,15798331.622,-13291476.923,17134547.653,2089.828,-111.556,-2065.107,129137.072,0.003,24572157.849,8.694,0.0,8.168,9.382,24701277.371,G17,1303162415999,-2682126.3019675617,-4311653.368445568,3846653.8451500232,232295.09164868618
4,2021-04-22-US-SJC-1,SamsungS20Ultra,1303162415000,1,19,GPS_L1,1303162414925931777,7301784.145,-14423111.938,20765044.442,2698.695,-103.346,-1017.334,-2829.641,0.001,22329274.965,13.79,0.0,5.644,4.236,22326435.444,G19,1303162415999,-2682126.3019675617,-4311653.368445568,3846653.8451500232,232295.09164868618
5,2021-04-22-US-SJC-1,SamsungS20Ultra,1303162415000,1,25,GPS_L1,1303162414919486576,-16763490.673,8924830.045,18188683.023,648.028,-2290.282,1723.108,37061.799,0.001,24261497.615,10.793,0.0,8.561,10.304,24298540.548999995,G25,1303162415999,-2682126.3019675617,-4311653.368445568,3846653.8451500232,232295.09164868618
6,2021-04-22-US-SJC-1,SamsungS20Ultra,1303162415000,1,28,GPS_L1,1303162414917676533,11789741.506,-23898538.024,-547850.683,147.916,219.929,-3188.477,174695.895,-0.001,24804134.855,24.883,0.0,10.457,13.237,24978807.056,G28,1303162415999,-2682126.3019675617,-4311653.368445568,3846653.8451500232,232295.09164868618
0,2021-04-22-US-SJC-1,SamsungS20Ultra,1303162416000,1,2,GPS_L1,1303162415929915653,-11879438.187,-21935783.719,9699146.785,963.507,653.78,2857.189,-179289.239,-0.0,21134938.986,4.497,0.0,4.01,2.658,20955643.079,G2,1303162416999,-2682133.0883522024,-4311651.935119184,3846650.790238848,232422.03623952687
1,2021-04-22-US-SJC-1,SamsungS20Ultra,1303162416000,1,12,GPS_L1,1303162415929234986,-13702840.778,-5639563.474,21787419.867,1146.163,-2580.962,66.371,-9398.51,-0.002,21338997.819,5.096,0.0,4.527,3.184,21329591.597999997,G12,1303162416999,-2682133.0883522024,-4311651.935119184,3846650.790238848,232422.03623952687
2,2021-04-22-US-SJC-1,SamsungS20Ultra,1303162416000,1,17,GPS_L1,1303162415918448227,15800421.317,-13291588.529,17132482.374,2089.57,-111.657,-2065.461,129137.075,0.003,24572786.814,9.593,0.0,8.169,9.385,24701906.334999997,G17,1303162416999,-2682133.0883522024,-4311651.935119184,3846650.790238848,232422.03623952687
3,2021-04-22-US-SJC-1,SamsungS20Ultra,1303162416000,1,19,GPS_L1,1303162415925929707,7304482.766,-14423215.361,20764026.883,2698.559,-103.501,-1017.788,-2829.641,0.001,22329895.535,8.994,0.0,5.645,4.237,22327056.012000002,G19,1303162416999,-2682133.0883522024,-4311651.935119184,3846650.790238848,232422.03623952687
4,2021-04-22-US-SJC-1,SamsungS20Ultra,1303162416000,1,25,GPS_L1,1303162415919488215,-16762842.672,8922539.637,18190405.934,647.972,-2290.525,1722.709,37061.8,0.001,24261006.255,9.593,0.0,8.56,10.3,24298049.195,G25,1303162416999,-2682133.0883522024,-4311651.935119184,3846650.790238848,232422.03623952687
0,2021-04-22-US-SJC-1,SamsungS20Ultra,1303162417000,1,2,GPS_L1,1303162416929915821,-11878474.541,-21935129.839,9702003.874,963.786,653.979,2856.988,-179289.239,-0.0,21134888.621,4.497,0.0,4.01,2.658,20955592.713999998,G2,1303162417999,-2682137.9849077566,-4311650.889961846,3846648.562554836,232548.5726252061
1,2021-04-22-US-SJC-1,SamsungS20Ultra,1303162417000,1,12,GPS_L1,1303162416929235841,-13701694.689,-5642144.475,21787486.001,1146.012,-2581.036,65.896,-9398.512,-0.002,21338741.497,4.797,0.0,4.527,3.184,21329335.274000004,G12,1303162417999,-2682137.9849077566,-4311650.889961846,3846648.562554836,232548.5726252061
2,2021-04-22-US-SJC-1,SamsungS20Ultra,1303162417000,1,17,GPS_L1,1303162416918446119,15802510.753,-13291700.237,17130416.741,2089.312,-111.758,-2065.814,129137.078,0.003,24573418.776,15.889,0.0,8.17,9.388,24702538.296,G17,1303162417999,-2682137.9849077566,-4311650.889961846,3846648.562554836,232548.5726252061
3,2021-04-22-US-SJC-1,SamsungS20Ultra,1303162417000,1,19,GPS_L1,1303162416925927635,7307181.252,-14423318.938,20763008.87,2698.423,-103.655,-1018.242,-2829.64,0.001,22330516.705,12.891,0.0,5.645,4.237,22327677.183,G19,1303162417999,-2682137.9849077566,-4311650.889961846,3846648.562554836,232548.5726252061
4,2021-04-22-US-SJC-1,SamsungS20Ultra,1303162417000,1,25,GPS_L1,1303162416919489842,-16762194.727,8920248.988,18192128.446,647.916,-2290.768,1722.31,37061.801,0.001,24260518.493,11.992,0.0,8.559,10.296,24297561.439,G25,1303162417999,-2682137.9849077566,-4311650.889961846,3846648.562554836,232548.5726252061
0,2021-04-22-US-SJC-1,SamsungS20Ultra,1303162418000,1,2,GPS_L1,1303162417929915993,-11877510.615,-21934475.761,9704860.761,964.065,654.177,2856.786,-179289.239,-0.0,21134837.057,4.797,0.0,4.01,2.658,20955541.15,G2,1303162418999,-2682141.2115718983,-4311650.209848236,3846647.101486846,232675.37533648132
1,2021-04-22-US-SJC-1,SamsungS20Ultra,1303162418000,1,6,GPS_L1,1303162417930070739,-955946.239,-19676208.013,17847726.989,1538.541,1647.638,1911.055,2794.834,0.001,21088445.373,11.992,0.0,4.145,2.848,21091233.213999998,G6,1303162418999,-2682141.2115718983,-4311650.209848236,3846647.101486846,232675.37533648132
2,2021-04-22-US-SJC-1,SamsungS20Ultra,1303162418000,1,12,GPS_L1,1303162417929236684,-13700548.751,-5644725.551,21787551.659,1145.862,-2581.11,65.421,-9398.515,-0.002,21338488.772,3.298,0.0,4.526,3.183,21329082.548,G12,1303162418999,-2682141.2115718983,-4311650.209848236,3846647.101486846,232675.37533648132
3,2021-04-22-US-SJC-1,SamsungS20Ultra,1303162418000,1,17,GPS_L1,1303162417918444017,15804599.931,-13291812.045,17128350.753,2089.053,-111.859,-2066.168,129137.081,0.003,24574048.94,11.092,0.0,8.17,9.391,24703168.46,G17,1303162418999,-2682141.2115718983,-4311650.209848236,3846647.101486846,232675.37533648132
4,2021-04-22-US-SJC-1,SamsungS20Ultra,1303162418000,1,19,GPS_L1,1303162417925925589,7309879.601,-14423422.671,20761990.403,2698.287,-103.81,-1018.696,-2829.64,0.001,22331130.08,10.493,0.0,5.646,4.238,22328290.555999994,G19,1303162418999,-2682141.2115718983,-4311650.209848236,3846647.101486846,232675.37533648132
5,2021-04-22-US-SJC-1,SamsungS20Ultra,1303162418000,1,25,GPS_L1,1303162417919491429,-16761546.838,8917958.096,18193850.559,647.86,-2291.01,1721.911,37061.802,0.001,24260042.722,15.289,0.0,8.559,10.291,24297085.674,G25,1303162418999,-2682141.2115718983,-4311650.209848236,3846647.101486846,232675.37533648132
6,2021-04-22-US-SJC-1,SamsungS20Ultra,1303162418000,1,28,GPS_L1,1303162417917670368,11790184.564,-23897876.642,-557416.041,147.456,220.993,-3188.442,174695.891,-0.001,24805983.075,6.296,0.0,10.461,13.256,24980655.248999998,G28,1303162418999,-2682141.2115718983,-4311650.209848236,3846647.101486846,232675.37533648132
0,2021-04-22-US-SJC-1,SamsungS20Ultra,1303162419000,1,2,GPS_L1,1303162418929916153,-11876546.41,-21933821.484,9707717.446,964.344,654.376,2856.584,-179289.24,-0.0,21134789.09,5.096,0.0,4.01,2.658,20955493.182,G2,1303162419999,-2682143.4126866926,-4311649.727562651,3846646.0974726016,232800.43790626043
1,2021-04-22-US-SJC-1,SamsungS20Ultra,1303162419000,1,6,GPS_L1,1303162418930069697,-954407.571,-19674560.332,17849637.852,1538.797,1647.726,1910.676,2794.835,0.001,21088757.757,11.692,0.0,4.145,2.848,21091545.599,G6,1303162419999,-2682143.4126866926,-4311649.727562651,3846646.0974726016,232800.43790626043
2,2021-04-22-US-SJC-1,SamsungS20Ultra,1303162419000,1,12,GPS_L1,1303162418929237533,-13699402.964,-5647306.7,21787616.843,1145.711,-2581.185,64.946,-9398.517,-0.002,21338234.248,2.998,0.0,4.526,3.183,21328828.022,G12,1303162419999,-2682143.4126866926,-4311649.727562651,3846646.0974726016,232800.43790626043
3,2021-04-22-US-SJC-1,SamsungS20Ultra,1303162419000,1,17,GPS_L1,1303162418918441938,15806688.851,-13291923.954,17126284.413,2088.795,-111.96,-2066.521,129137.084,0.003,24574672.208,10.193,0.0,8.171,9.394,24703791.726999998,G17,1303162419999,-2682143.4126866926,-4311649.727562651,3846646.0974726016,232800.43790626043
4,2021-04-22-US-SJC-1,SamsungS20Ultra,1303162419000,1,19,GPS_L1,1303162418925923525,7312577.814,-14423526.559,20760971.482,2698.151,-103.965,-1019.15,-2829.639,0.001,22331748.852,10.493,0.0,5.647,4.239,22328909.327000003,G19,1303162419999,-2682143.4126866926,-4311649.727562651,3846646.0974726016,232800.43790626043
5,2021-04-22-US-SJC-1,SamsungS20Ultra,1303162419000,1,25,GPS_L1,1303162418919493048,-16760899.005,8915666.96,18195572.274,647.804,-2291.253,1721.512,37061.804,0.001,24259557.358,17.988,0.0,8.558,10.287,24296600.317,G25,1303162419999,-2682143.4126866926,-4311649.727562651,3846646.0974726016,232800.43790626043
6,2021-04-22-US-SJC-1,SamsungS20Ultra,1303162419000,1,28,GPS_L1,1303162418917668344,11790331.943,-23897655.473,-560604.47,147.303,221.347,-3188.43,174695.889,-0.001,24806589.855,6.296,0.0,10.463,13.262,24981262.019,G28,1303162419999,-2682143.4126866926,-4311649.727562651,3846646.0974726016,232800.43790626043
0,2021-04-22-US-SJC-1,SamsungS20Ultra,1303162420000,1,2,GPS_L1,1303162419929916316,-11875581.926,-21933167.009,9710573.93,964.623,654.575,2856.382,-179289.24,-0.0,21134740.224,4.797,0.0,4.01,2.658,20955444.316,G2,1303162420999,-2682144.7614683267,-4311649.441108329,3846645.4822388226,232927.71706314886
1,2021-04-22-US-SJC-1,SamsungS20Ultra,1303162420000,1,6,GPS_L1,1303162419930068586,-952868.649,-19672912.564,17851548.336,1539.053,1647.815,1910.297,2794.836,0.001,21089090.826,13.79,0.0,4.145,2.848,21091878.669,G6,1303162420999,-2682144.7614683267,-4311649.441108329,3846645.4822388226,232927.71706314886
2,2021-04-22-US-SJC-1,SamsungS20Ultra,1303162420000,1,12,GPS_L1,1303162419929238381,-13698257.328,-5649887.924,21787681.552,1145.56,-2581.259,64.472,-9398.52,-0.002,21337980.024,2.998,0.0,4.526,3.183,21328573.795,G12,1303162420999,-2682144.7614683267,-4311649.441108329,3846645.4822388226,232927.71706314886
3,2021-04-22-US-SJC-1,SamsungS20Ultra,1303162420000,1,17,GPS_L1,1303162419918439845,15808777.513,-13292035.965,17124217.719,2088.536,-112.061,-2066.875,129137.087,0.003,24575299.674,10.193,0.0,8.172,9.397,24704419.192,G17,1303162420999,-2682144.7614683267,-4311649.441108329,3846645.4822388226,232927.71706314886
4,2021-04-22-US-SJC-1,SamsungS20Ultra,1303162420000,1,19,GPS_L1,1303162419925921473,7315275.892,-14423630.601,20759952.106,2698.015,-104.12,-1019.604,-2829.639,0.001,22332364.026,11.392,0.0,5.647,4.239,22329524.501000002,G19,1303162420999,-2682144.7614683267,-4311649.441108329,3846645.4822388226,232927.71706314886
5,2021-04-22-US-SJC-1,SamsungS20Ultra,1303162420000,1,25,GPS_L1,1303162419919494624,-16760251.228,8913375.583,18197293.59,647.748,-2291.495,1721.113,37061.805,0.001,24259084.885,19.187,0.0,8.557,10.283,24296127.85,G25,1303162420999,-2682144.7614683267,-4311649.441108329,3846645.4822388226,232927.71706314886
6,2021-04-22-US-SJC-1,SamsungS20Ultra,1303162420000,1,28,GPS_L1,1303162419917666325,11790479.169,-23897433.949,-563792.889,147.15,221.702,-3188.418,174695.888,-0.001,24807195.136,6.296,0.0,10.464,13.268,24981867.292,G28,1303162420999,-2682144.7614683267,-4311649.441108329,3846645.4822388226,232927.71706314886
0,2021-04-22-US-SJC-1,SamsungS20Ultra,1303162421000,1,2,GPS_L1,1303162420929916489,-11874617.163,-21932512.334,9713430.211,964.903,654.773,2856.18,-179289.24,-0.0,21134688.36,4.797,0.0,4.009,2.658,20955392.453,G2,1303162421999,-2682145.324394553,-4311649.331782463,3846645.181096406,233053.8566247345
1,2021-04-22-US-SJC-1,SamsungS20Ultra,1303162421000,1,6,GPS_L1,1303162420930067485,-951329.47,-19671264.707,17853458.441,1539.308,1647.903,1909.918,2794.837,0.001,21089420.898,11.392,0.0,4.145,2.848,21092208.742,G6,1303162421999,-2682145.324394553,-4311649.331782463,3846645.181096406,233053.8566247345
2,2021-04-22-US-SJC-1,SamsungS20Ultra,1303162421000,1,12,GPS_L1,1303162420929239228,-13697111.843,-5652469.222,21787745.787,1145.409,-2581.333,63.997,-9398.522,-0.002,21337726.1,2.998,0.0,4.525,3.182,21328319.871000003,G12,1303162421999,-2682145.324394553,-4311649.331782463,3846645.181096406,233053.8566247345
3,2021-04-22-US-SJC-1,SamsungS20Ultra,1303162421000,1,17,GPS_L1,1303162420918437760,15810865.915,-13292148.076,17122150.672,2088.278,-112.162,-2067.228,129137.09,0.003,24575924.741,11.692,0.0,8.173,9.4,24705044.258,G17,1303162421999,-2682145.324394553,-4311649.331782463,3846645.181096406,233053.8566247345
4,2021-04-22-US-SJC-1,SamsungS20Ultra,1303162421000,1,19,GPS_L1,1303162420925919403,7317973.832,-14423734.798,20758932.277,2697.878,-104.275,-1020.059,-2829.638,0.001,22332984.596,12.291,0.0,5.648,4.24,22330145.070000004,G19,1303162421999,-2682145.324394553,-4311649.331782463,3846645.181096406,233053.8566247345
5,2021-04-22-US-SJC-1,SamsungS20Ultra,1303162421000,1,25,GPS_L1,1303162420919496259,-16759603.506,8911083.963,18199014.506,647.692,-2291.737,1720.715,37061.806,0.001,24258594.724,19.187,0.0,8.556,10.278,24295637.696,G25,1303162421999,-2682145.324394553,-4311649.331782463,3846645.181096406,233053.8566247345
6,2021-04-22-US-SJC-1,SamsungS20Ultra,1303162421000,1,28,GPS_L1,1303162420917664302,11790626.242,-23897212.07,-566981.294,146.997,222.056,-3188.406,174695.887,-0.001,24807801.616,6.296,0.0,10.465,13.275,24982473.763,G28,1303162421999,-2682145.324394553,-4311649.331782463,3846645.181096406,233053.8566247345
0,2021-04-22-US-SJC-1,SamsungS20Ultra,1303162422000,1,2,GPS_L1,1303162421929916664,-11873652.12,-21931857.461,9716286.291,965.182,654.972,2855.978,-179289.24,-0.0,21134635.896,5.096,0.0,4.009,2.658,20955339.989000004,G2,1303162422999,-2682145.514349174,-4311649.307178715,3846645.043946329,233176.09206242347
1,2021-04-22-US-SJC-1,SamsungS20Ultra,1303162422000,1,6,GPS_L1,1303162421930066422,-949790.036,-19669616.761,17855368.168,1539.563,1647.991,1909.539,2794.838,0.001,21089739.577,11.092,0.0,4.145,2.849,21092527.421,G6,1303162422999,-2682145.514349174,-4311649.307178715,3846645.043946329,233176.09206242347
2,2021-04-22-US-SJC-1,SamsungS20Ultra,1303162422000,1,12,GPS_L1,1303162421929240077,-13695966.508,-5655050.594,21787809.546,1145.258,-2581.407,63.522,-9398.524,-0.002,21337471.576,3.298,0.0,4.525,3.182,21328065.345000003,G12,1303162422999,-2682145.514349174,-4311649.307178715,3846645.043946329,233176.09206242347
3,2021-04-22-US-SJC-1,SamsungS20Ultra,1303162422000,1,17,GPS_L1,1303162421918435620,15812954.059,-13292260.288,17120083.272,2088.019,-112.263,-2067.582,129137.092,0.003,24576566.297,12.291,0.0,8.174,9.404,24705685.811,G17,1303162422999,-2682145.514349174,-4311649.307178715,3846645.043946329,233176.09206242347
4,2021-04-22-US-SJC-1,SamsungS20Ultra,1303162422000,1,19,GPS_L1,1303162421925917379,7320671.637,-14423839.15,20757911.993,2697.742,-104.429,-1020.513,-2829.637,0.001,22333591.376,15.589,0.0,5.648,4.241,22330751.85,G19,1303162422999,-2682145.514349174,-4311649.307178715,3846645.043946329,233176.09206242347
5,2021-04-22-US-SJC-1,SamsungS20Ultra,1303162422000,1,25,GPS_L1,1303162421919497875,-16758955.841,8908792.1,18200735.024,647.636,-2291.98,1720.316,37061.807,0.001,24258110.26,20.386,0.0,8.555,10.274,24295153.238,G25,1303162422999,-2682145.514349174,-4311649.307178715,3846645.043946329,233176.09206242347
6,2021-04-22-US-SJC-1,SamsungS20Ultra,1303162422000,1,28,GPS_L1,1303162421917662294,11790773.162,-23896989.837,-570169.688,146.844,222.411,-3188.394,174695.885,-0.001,24808403.6,6.895,0.0,10.467,13.281,24983075.737000003,G28,1303162422999,-2682145.514349174,-4311649.307178715,3846645.043946329,233176.09206242347
0,2021-04-22-US-SJC-1,SamsungS20Ultra,1303162423000,1,2,GPS_L1,1303162422929916838,-11872686.799,-21931202.39,9719142.169,965.461,655.171,2855.776,-179289.241,-0.0,21134583.732,5.696,0.0,4.009,2.657,20955287.825,G2,1303162423999,-2682145.52431598,-4311649.299425814,3846645.0126945535,233303.89509347227
1,2021-04-22-US-SJC-1,SamsungS20Ultra,1303162423000,1,6,GPS_L1,1303162422930065343,-948250.346,-19667968.728,17857277.515,1539.819,1648.08,1909.16,2794.839,0.001,21090063.053,8.394,0.0,4.145,2.849,21092850.898000002,G6,1303162423999,-2682145.52431598,-4311649.299425814,3846645.0126945535,233303.89509347227
2,2021-04-22-US-SJC-1,SamsungS20Ultra,1303162423000,1,12,GPS_L1,1303162422929240925,-13694821.325,-5657632.039,21787872.831,1145.107,-2581.48,63.047,-9398.527,-0.002,21337217.352,3.598,0.0,4.525,3.182,21327811.118000004,G12,1303162423999,-2682145.52431598,-4311649.299425814,3846645.0126945535,233303.89509347227
3,2021-04-22-US-SJC-1,SamsungS20Ultra,1303162423000,1,17,GPS_L1,1303162422918433460,15815041.945,-13292372.602,17118015.517,2087.761,-112.364,-2067.935,129137.095,0.003,24577213.849,14.09,0.0,8.174,9.407,24706333.362999998,G17,1303162423999,-2682145.52431598,-4311649.299425814,3846645.0126945535,233303.89509347227
4,2021-04-22-US-SJC-1,SamsungS20Ultra,1303162423000,1,19,GPS_L1,1303162422925915341,7323369.305,-14423943.656,20756891.256,2697.605,-104.584,-1020.967,-2829.637,0.001,22334202.353,15.589,0.0,5.649,4.241,22331362.826,G19,1303162423999,-2682145.52431598,-4311649.299425814,3846645.0126945535,233303.89509347227
5,2021-04-22-US-SJC-1,SamsungS20Ultra,1303162423000,1,25,GPS_L1,1303162422919499489,-16758308.232,8906499.996,18202455.143,647.58,-2292.222,1719.917,37061.808,0.001,24257626.395,20.086,0.0,8.554,10.27,24294669.378999997,G25,1303162423999,-2682145.52431598,-4311649.299425814,3846645.0126945535,233303.89509347227
6,2021-04-22-US-SJC-1,SamsungS20Ultra,1303162423000,1,28,GPS_L1,1303162422917660273,11790919.928,-23896767.25,-573358.07,146.69,222.766,-3188.382,174695.884,-0.001,24809009.48,7.795,0.0,10.468,13.287,24983681.609,G28,1303162423999,-2682145.52431598,-4311649.299425814,3846645.0126945535,233303.89509347227
0,2021-04-22-US-SJC-1,SamsungS20Ultra,1303162424000,1,2,GPS_L1,1303162423929917015,-11871721.198,-21930547.12,9721997.844,965.74,655.369,2855.574,-179289.241,-0.0,21134530.669,5.396,0.0,4.009,2.657,20955234.762,G2,1303162424999,-2682145.5238502286,-4311649.298391871,3846645.0141683044,233430.408122615
1,2021-04-22-US-SJC-1,SamsungS20Ultra,1303162424000,1,6,GPS_L1,1303162423930064267,-946710.401,-19666320.606,17859186.484,1540.074,1648.168,1908.781,2794.84,0.001,21090385.63,7.795,0.0,4.146,2.849,21093173.474999998,G6,1303162424999,-2682145.5238502286,-4311649.298391871,3846645.0141683044,233430.408122615
2,2021-04-22-US-SJC-1,SamsungS20Ultra,1303162424000,1,12,GPS_L1,1303162423929241768,-13693676.292,-5660213.559,21787935.641,1144.956,-2581.554,62.573,-9398.529,-0.002,21336964.627,3.598,0.0,4.524,3.182,21327558.392,G12,1303162424999,-2682145.5238502286,-4311649.298391871,3846645.0141683044,233430.408122615
3,2021-04-22-US-SJC-1,SamsungS20Ultra,1303162424000,1,17,GPS_L1,1303162423918431325,15817129.571,-13292485.016,17115947.41,2087.502,-112.465,-2068.288,129137.098,0.003,24577853.906,14.39,0.0,8.175,9.41,24706973.419,G17,1303162424999,-2682145.5238502286,-4311649.298391871,3846645.0141683044,233430.408122615
4,2021-04-22-US-SJC-1,SamsungS20Ultra,1303162424000,1,19,GPS_L1,1303162423925913292,7326066.837,-14424048.318,20755870.065,2697.469,-104.739,-1021.421,-2829.636,0.001,22334816.628,14.69,0.0,5.65,4.242,22331977.1,G19,1303162424999,-2682145.5238502286,-4311649.298391871,3846645.0141683044,233430.408122615
5,2021-04-22-US-SJC-1,SamsungS20Ultra,1303162424000,1,25,GPS_L1,1303162423919501096,-16757660.679,8904207.649,18204174.863,647.524,-2292.464,1719.517,37061.809,0.001,24257144.628,17.688,0.0,8.553,10.266,24294187.618,G25,1303162424999,-2682145.5238502286,-4311649.298391871,3846645.0141683044,233430.408122615
6,2021-04-22-US-SJC-1,SamsungS20Ultra,1303162424000,1,28,GPS_L1,1303162423917658267,11791066.542,-23896544.307,-576546.441,146.537,223.12,-3188.37,174695.882,-0.001,24809610.864,8.394,0.0,10.47,13.293,24984282.983,G28,1303162424999,-2682145.5238502286,-4311649.298391871,3846645.0141683044,233430.408122615
0,2021-04-22-US-SJC-1,SamsungS20Ultra,1303162425000,1,2,GPS_L1,1303162424929917185,-11870755.318,-21929891.652,9724853.318,966.02,655.567,2855.372,-179289.241,-0.0,21134479.704,5.096,0.0,4.009,2.657,20955183.797,G2,1303162425999,-2682145.523139237,-4311649.297248925,3846645.015933276,233555.67171324257
1,2021-04-22-US-SJC-1,SamsungS20Ultra,1303162425000,1,6,GPS_L1,1303162424930063200,-945170.201,-19664672.396,17861095.073,1540.33,1648.256,1908.402,2794.841,0.001,21090705.508,8.094,0.0,4.146,2.849,21093493.354,G6,1303162425999,-2682145.523139237,-4311649.297248925,3846645.015933276,233555.67171324257
2,2021-04-22-US-SJC-1,SamsungS20Ultra,1303162425000,1,12,GPS_L1,1303162424929242609,-13692531.411,-5662795.152,21787997.977,1144.805,-2581.628,62.098,-9398.531,-0.002,21336712.501,3.298,0.0,4.524,3.181,21327306.264999997,G12,1303162425999,-2682145.523139237,-4311649.297248925,3846645.015933276,233555.67171324257
3,2021-04-22-US-SJC-1,SamsungS20Ultra,1303162425000,1,17,GPS_L1,1303162424918429238,15819216.939,-13292597.531,17113878.949,2087.243,-112.565,-2068.642,129137.101,0.003,24578479.573,14.69,0.0,8.176,9.413,24707599.085,G17,1303162425999,-2682145.523139237,-4311649.297248925,3846645.015933276,233555.67171324257
4,2021-04-22-US-SJC-1,SamsungS20Ultra,1303162425000,1,19,GPS_L1,1303162424925911266,7328764.232,-14424153.134,20754848.419,2697.332,-104.894,-1021.875,-2829.636,0.001,22335424.008,13.79,0.0,5.65,4.242,22332584.480000004,G19,1303162425999,-2682145.523139237,-4311649.297248925,3846645.015933276,233555.67171324257
5,2021-04-22-US-SJC-1,SamsungS20Ultra,1303162425000,1,25,GPS_L1,1303162424919502710,-16757013.182,8901915.06,18205894.184,647.468,-2292.707,1719.118,37061.811,0.001,24256660.763,16.788,0.0,8.553,10.261,24293703.76,G25,1303162425999,-2682145.523139237,-4311649.297248925,3846645.015933276,233555.67171324257
6,2021-04-22-US-SJC-1,SamsungS20Ultra,1303162425000,1,28,GPS_L1,1303162424917656252,11791213.003,-23896321.01,-579734.798,146.384,223.475,-3188.358,174695.881,-0.001,24810214.946,8.394,0.0,10.471,13.3,24984887.055999998,G28,1303162425999,-2682145.523139237,-4311649.297248925,3846645.015933276,233555.67171324257
0,2021-04-22-US-SJC-1,SamsungS20Ultra,1303162426000,1,2,GPS_L1,1303162425929917339,-11869789.158,-21929235.985,9727708.589,966.299,655.766,2855.17,-179289.241,-0.0,21134433.536,5.096,0.0,4.008,2.657,20955137.629999995,G2,1303162426999,-2682145.5130754523,-4311649.292547401,3846645.028138055,233683.25089924395
1,2021-04-22-US-SJC-1,SamsungS20Ultra,1303162426000,1,6,GPS_L1,1303162425930062113,-943629.745,-19663024.098,17863003.283,1540.585,1648.344,1908.023,2794.842,0.001,21091031.383,8.394,0.0,4.146,2.849,21093819.23,G6,1303162426999,-2682145.5130754523,-4311649.292547401,3846645.028138055,233683.25089924395
2,2021-04-22-US-SJC-1,SamsungS20Ultra,1303162426000,1,12,GPS_L1,1303162425929243456,-13691386.681,-5665376.82,21788059.837,1144.654,-2581.702,61.623,-9398.534,-0.002,21336458.577,3.298,0.0,4.523,3.181,21327052.338999998,G12,1303162426999,-2682145.5130754523,-4311649.292547401,3846645.028138055,233683.25089924395
3,2021-04-22-US-SJC-1,SamsungS20Ultra,1303162426000,1,17,GPS_L1,1303162425918427123,15821304.049,-13292710.146,17111810.135,2086.984,-112.666,-2068.995,129137.104,0.003,24579113.634,18.587,0.0,8.177,9.416,24708233.144999996,G17,1303162426999,-2682145.5130754523,-4311649.292547401,3846645.028138055,233683.25089924395
4,2021-04-22-US-SJC-1,SamsungS20Ultra,1303162426000,1,25,GPS_L1,1303162425919504327,-16756365.741,8899622.228,18207613.105,647.412,-2292.949,1718.719,37061.812,0.001,24256175.999,17.088,0.0,8.552,10.257,24293219.002,G25,1303162426999,-2682145.5130754523,-4311649.292547401,3846645.028138055,233683.25089924395
5,2021-04-22-US-SJC-1,SamsungS20Ultra,1303162426000,1,28,GPS_L1,1303162425917654244,11791359.31,-23896097.358,-582923.143,146.232,223.83,-3188.346,174695.879,-0.001,24810816.929,8.694,0.0,10.472,13.306,24985489.03,G28,1303162426999,-2682145.5130754523,-4311649.292547401,3846645.028138055,233683.25089924395
0,2021-04-22-US-SJC-1,SamsungS20Ultra,1303162427000,1,2,GPS_L1,1303162426929917501,-11868822.72,-21928580.12,9730563.657,966.578,655.964,2854.967,-179289.241,-0.0,21134384.97,5.096,0.0,4.008,2.657,20955089.063999996,G2,1303162427999,-2682145.5069605703,-4311649.292784505,3846645.0321092424,233809.40005950796
1,2021-04-22-US-SJC-1,SamsungS20Ultra,1303162427000,1,6,GPS_L1,1303162426930061040,-942089.034,-19661375.712,17864911.115,1540.841,1648.432,1907.644,2794.843,0.001,21091353.06,8.394,0.0,4.146,2.849,21094140.907999996,G6,1303162427999,-2682145.5069605703,-4311649.292784505,3846645.0321092424,233809.40005950796
2,2021-04-22-US-SJC-1,SamsungS20Ultra,1303162427000,1,12,GPS_L1,1303162426929244297,-13690242.101,-5667958.561,21788121.223,1144.503,-2581.775,61.148,-9398.536,-0.002,21336206.452,3.298,0.0,4.523,3.181,21326800.212,G12,1303162427999,-2682145.5069605703,-4311649.292784505,3846645.0321092424,233809.40005950796
3,2021-04-22-US-SJC-1,SamsungS20Ultra,1303162427000,1,17,GPS_L1,1303162426918425011,15823390.899,-13292822.863,17109740.968,2086.726,-112.767,-2069.348,129137.107,0.003,24579746.795,18.887,0.0,8.178,9.419,24708866.305000003,G17,1303162427999,-2682145.5069605703,-4311649.292784505,3846645.0321092424,233809.40005950796
4,2021-04-22-US-SJC-1,SamsungS20Ultra,1303162427000,1,19,GPS_L1,1303162426925907157,7334158.613,-14424363.23,20752803.766,2697.059,-105.203,-1022.782,-2829.635,0.001,22336655.855,15.889,0.0,5.652,4.244,22333816.324,G19,1303162427999,-2682145.5069605703,-4311649.292784505,3846645.0321092424,233809.40005950796
5,2021-04-22-US-SJC-1,SamsungS20Ultra,1303162427000,1,25,GPS_L1,1303162426919505942,-16755718.357,8897329.154,18209331.628,647.355,-2293.191,1718.32,37061.813,0.001,24255691.834,16.189,0.0,8.551,10.253,24292734.843000002,G25,1303162427999,-2682145.5069605703,-4311649.292784505,3846645.0321092424,233809.40005950796
6,2021-04-22-US-SJC-1,SamsungS20Ultra,1303162427000,1,28,GPS_L1,1303162426917652217,11791505.465,-23895873.352,-586111.476,146.079,224.184,-3188.333,174695.878,-0.001,24811424.608,8.394,0.0,10.474,13.312,24986096.7,G28,1303162427999,-2682145.5069605703,-4311649.292784505,3846645.0321092424,233809.40005950796
0,2021-04-22-US-SJC-1,SamsungS20Ultra,1303162428000,1,2,GPS_L1,1303162427929917666,-11867856.001,-21927924.056,9733418.524,966.858,656.162,2854.765,-179289.242,-0.0,21134335.504,5.096,0.0,4.008,2.657,20955039.597,G2,1303162428999,-2682145.553004946,-4311649.271434457,3846644.9910089253,233935.865778662
1,2021-04-22-US-SJC-1,SamsungS20Ultra,1303162428000,1,6,GPS_L1,1303162427930059965,-940548.067,-19659727.238,17866818.567,1541.096,1648.52,1907.265,2794.844,0.001,21091675.337,8.094,0.0,4.146,2.849,21094463.186,G6,1303162428999,-2682145.553004946,-4311649.271434457,3846644.9910089253,233935.865778662
2,2021-04-22-US-SJC-1,SamsungS20Ultra,1303162428000,1,12,GPS_L1,1303162427929245141,-13689097.673,-5670540.375,21788182.134,1144.352,-2581.849,60.674,-9398.538,-0.002,21335953.427,3.598,0.0,4.523,3.18,21326547.186000004,G12,1303162428999,-2682145.553004946,-4311649.271434457,3846644.9910089253,233935.865778662
3,2021-04-22-US-SJC-1,SamsungS20Ultra,1303162428000,1,17,GPS_L1,1303162427918422927,15825477.491,-13292935.68,17107671.447,2086.467,-112.868,-2069.701,129137.11,0.003,24580371.563,16.489,0.0,8.178,9.422,24709491.073000003,G17,1303162428999,-2682145.553004946,-4311649.271434457,3846644.9910089253,233935.865778662
4,2021-04-22-US-SJC-1,SamsungS20Ultra,1303162428000,1,19,GPS_L1,1303162427925905146,7336855.598,-14424468.51,20751780.759,2696.922,-105.358,-1023.236,-2829.634,0.001,22337258.738,14.09,0.0,5.652,4.244,22334419.208000004,G19,1303162428999,-2682145.553004946,-4311649.271434457,3846644.9910089253,233935.865778662
5,2021-04-22-US-SJC-1,SamsungS20Ultra,1303162428000,1,25,GPS_L1,1303162427919507557,-16755071.029,8895035.839,18211049.751,647.299,-2293.433,1717.921,37061.814,0.001,24255207.669,15.589,0.0,8.55,10.249,24292250.683999997,G25,1303162428999,-2682145.553004946,-4311649.271434457,3846644.9910089253,233935.865778662
6,2021-04-22-US-SJC-1,SamsungS20Ultra,1303162428000,1,28,GPS_L1,1303162427917650193,11791651.467,-23895648.991,-589299.797,145.926,224.539,-3188.321,174695.876,-0.001,24812031.388,7.495,0.0,10.475,13.318,24986703.470999997,G28,1303162428999,-2682145.553004946,-4311649.271434457,3846644.9910089253,233935.865778662
0,2021-04-22-US-SJC-1,SamsungS20Ultra,1303162429000,1,2,GPS_L1,1303162428929917819,-11866889.004,-21927267.795,9736273.188,967.137,656.361,2854.562,-179289.242,-0.0,21134289.636,4.797,0.0,4.008,2.657,20954993.729,G2,1303162429999,-2682146.1213424434,-4311649.148156536,3846644.7181428173,234061.9966735429
1,2021-04-22-US-SJC-1,SamsungS20Ultra,1303162429000,1,6,GPS_L1,1303162428930058892,-939006.844,-19658078.676,17868725.64,1541.351,1648.607,1906.885,2794.845,0.001,21091997.014,8.994,0.0,4.146,2.849,21094784.863999996,G6,1303162429999,-2682146.1213424434,-4311649.148156536,3846644.7181428173,234061.9966735429
2,2021-04-22-US-SJC-1,SamsungS20Ultra,1303162429000,1,12,GPS_L1,1303162428929245986,-13687953.397,-5673122.262,21788242.57,1144.2,-2581.922,60.199,-9398.541,-0.002,21335700.102,2.998,0.0,4.522,3.18,21326293.859,G12,1303162429999,-2682146.1213424434,-4311649.148156536,3846644.7181428173,234061.9966735429
3,2021-04-22-US-SJC-1,SamsungS20Ultra,1303162429000,1,17,GPS_L1,1303162428918420901,15827563.824,-13293048.597,17105601.574,2086.208,-112.968,-2070.054,129137.113,0.003,24580978.942,13.191,0.0,8.179,9.426,24710098.450000003,G17,1303162429999,-2682146.1213424434,-4311649.148156536,3846644.7181428173,234061.9966735429
4,2021-04-22-US-SJC-1,SamsungS20Ultra,1303162429000,1,19,GPS_L1,1303162428925903036,7339552.446,-14424573.945,20750757.298,2696.785,-105.512,-1023.69,-2829.633,0.001,22337891.3,13.491,0.0,5.653,4.245,22335051.768999998,G19,1303162429999,-2682146.1213424434,-4311649.148156536,3846644.7181428173,234061.9966735429
5,2021-04-22-US-SJC-1,SamsungS20Ultra,1303162429000,1,25,GPS_L1,1303162428919509205,-16754423.757,8892742.281,18212767.475,647.243,-2293.675,1717.522,37061.815,0.001,24254713.611,13.79,0.0,8.549,10.244,24291756.633000005,G25,1303162429999,-2682146.1213424434,-4311649.148156536,3846644.7181428173,234061.9966735429
6,2021-04-22-US-SJC-1,SamsungS20Ultra,1303162429000,1,28,GPS_L1,1303162428917648153,11791797.316,-23895424.275,-592488.106,145.773,224.894,-3188.309,174695.875,-0.001,24812642.965,5.696,0.0,10.477,13.325,24987315.038,G28,1303162429999,-2682146.1213424434,-4311649.148156536,3846644.7181428173,234061.9966735429
0,2021-04-22-US-SJC-1,SamsungS20Ultra,1303162430000,1,2,GPS_L1,1303162429929917977,-11865921.727,-21926611.335,9739127.65,967.416,656.559,2854.36,-179289.242,-0.0,21134242.269,4.797,0.0,4.008,2.656,20954946.363,G2,1303162430999,-2682147.707181691,-4311648.807113683,3846643.999499218,234188.61268326073
1,2021-04-22-US-SJC-1,SamsungS20Ultra,1303162430000,1,6,GPS_L1,1303162429930057810,-937465.367,-19656430.027,17870632.333,1541.607,1648.695,1906.506,2794.846,0.001,21092321.39,7.495,0.0,4.147,2.85,21095109.239,G6,1303162430999,-2682147.707181691,-4311648.807113683,3846643.999499218,234188.61268326073
2,2021-04-22-US-SJC-1,SamsungS20Ultra,1303162430000,1,12,GPS_L1,1303162429929246826,-13686809.271,-5675704.224,21788302.532,1144.049,-2581.996,59.724,-9398.543,-0.002,21335448.277,2.698,0.0,4.522,3.18,21326042.031999998,G12,1303162430999,-2682147.707181691,-4311648.807113683,3846643.999499218,234188.61268326073
3,2021-04-22-US-SJC-1,SamsungS20Ultra,1303162430000,1,17,GPS_L1,1303162429918418897,15829649.898,-13293161.616,17103531.347,2085.949,-113.069,-2070.407,129137.115,0.003,24581579.726,13.191,0.0,8.18,9.429,24710699.231999997,G17,1303162430999,-2682147.707181691,-4311648.807113683,3846643.999499218,234188.61268326073
4,2021-04-22-US-SJC-1,SamsungS20Ultra,1303162430000,1,19,GPS_L1,1303162429925900991,7342249.158,-14424679.534,20749733.383,2696.649,-105.667,-1024.144,-2829.633,0.001,22338504.375,10.193,0.0,5.653,4.246,22335664.843,G19,1303162430999,-2682147.707181691,-4311648.807113683,3846643.999499218,234188.61268326073
5,2021-04-22-US-SJC-1,SamsungS20Ultra,1303162430000,1,25,GPS_L1,1303162429919510829,-16753776.541,8890448.481,18214484.8,647.186,-2293.917,1717.122,37061.817,0.001,24254226.748,13.191,0.0,8.548,10.24,24291269.777000003,G25,1303162430999,-2682147.707181691,-4311648.807113683,3846643.999499218,234188.61268326073
6,2021-04-22-US-SJC-1,SamsungS20Ultra,1303162430000,1,28,GPS_L1,1303162429917646126,11791943.012,-23895199.204,-595676.401,145.62,225.248,-3188.296,174695.873,-0.001,24813250.644,5.696,0.0,10.478,13.331,24987922.708,G28,1303162430999,-2682147.707181691,-4311648.807113683,3846643.999499218,234188.61268326073
0,2021-04-22-US-SJC-1,SamsungS20Ultra,1303162431000,1,2,GPS_L1,1303162430929918150,-11864954.171,-21925954.677,9741981.909,967.696,656.757,2854.157,-179289.242,-0.0,21134190.404,5.096,0.0,4.008,2.656,20954894.498,G2,1303162431999,-2682150.435270008,-4311648.2469131285,3846642.750226938,234314.8448123489
1,2021-04-22-US-SJC-1,SamsungS20Ultra,1303162431000,1,6,GPS_L1,1303162430930056732,-935923.634,-19654781.289,17872538.648,1541.862,1648.783,1906.127,2794.847,0.001,21092644.566,7.195,0.0,4.147,2.85,21095432.415999997,G6,1303162431999,-2682150.435270008,-4311648.2469131285,3846642.750226938,234314.8448123489
2,2021-04-22-US-SJC-1,SamsungS20Ultra,1303162431000,1,12,GPS_L1,1303162430929247669,-13685665.296,-5678286.259,21788362.019,1143.898,-2582.069,59.249,-9398.545,-0.002,21335195.551,2.998,0.0,4.522,3.179,21325789.304999996,G12,1303162431999,-2682150.435270008,-4311648.2469131285,3846642.750226938,234314.8448123489
3,2021-04-22-US-SJC-1,SamsungS20Ultra,1303162431000,1,17,GPS_L1,1303162430918416953,15831735.713,-13293274.734,17101460.767,2085.69,-113.169,-2070.76,129137.118,0.003,24582162.523,11.392,0.0,8.181,9.432,24711282.027999997,G17,1303162431999,-2682150.435270008,-4311648.2469131285,3846642.750226938,234314.8448123489
4,2021-04-22-US-SJC-1,SamsungS20Ultra,1303162431000,1,19,GPS_L1,1303162430925898917,7344945.732,-14424785.278,20748709.014,2696.512,-105.821,-1024.598,-2829.632,0.001,22339126.145,8.094,0.0,5.654,4.246,22336286.613,G19,1303162431999,-2682150.435270008,-4311648.2469131285,3846642.750226938,234314.8448123489
5,2021-04-22-US-SJC-1,SamsungS20Ultra,1303162431000,1,25,GPS_L1,1303162430919512472,-16753129.382,8888154.439,18216201.726,647.13,-2294.159,1716.723,37061.818,0.001,24253734.189,16.788,0.0,8.547,10.236,24290777.224,G25,1303162431999,-2682150.435270008,-4311648.2469131285,3846642.750226938,234314.8448123489
6,2021-04-22-US-SJC-1,SamsungS20Ultra,1303162431000,1,28,GPS_L1,1303162430917644101,11792088.556,-23894973.779,-598864.684,145.468,225.603,-3188.284,174695.872,-0.001,24813857.724,5.396,0.0,10.479,13.337,24988529.78,G28,1303162431999,-2682150.435270008,-4311648.2469131285,3846642.750226938,234314.8448123489
0,2021-04-22-US-SJC-1,SamsungS20Ultra,1303162432000,1,2,GPS_L1,1303162431929918311,-11863986.336,-21925297.821,9744835.965,967.975,656.955,2853.955,-179289.242,-0.0,21134142.138,5.396,0.0,4.007,2.656,20954846.233000003,G2,1303162432999,-2682154.025524892,-4311647.553394808,3846641.085226858,234441.44422737884
1,2021-04-22-US-SJC-1,SamsungS20Ultra,1303162432000,1,6,GPS_L1,1303162431930055652,-934381.646,-19653132.464,17874444.583,1542.118,1648.87,1905.748,2794.848,0.001,21092968.342,7.195,0.0,4.147,2.85,21095756.193,G6,1303162432999,-2682154.025524892,-4311647.553394808,3846641.085226858,234441.44422737884
2,2021-04-22-US-SJC-1,SamsungS20Ultra,1303162432000,1,12,GPS_L1,1303162431929248517,-13684521.473,-5680868.366,21788421.031,1143.747,-2582.142,58.775,-9398.548,-0.002,21334941.327,2.998,0.0,4.521,3.179,21325535.078999996,G12,1303162432999,-2682154.025524892,-4311647.553394808,3846641.085226858,234441.44422737884
3,2021-04-22-US-SJC-1,SamsungS20Ultra,1303162432000,1,17,GPS_L1,1303162431918414832,15833821.269,-13293387.954,17099389.835,2085.431,-113.27,-2071.113,129137.121,0.003,24582798.383,17.088,0.0,8.181,9.435,24711917.888,G17,1303162432999,-2682154.025524892,-4311647.553394808,3846641.085226858,234441.44422737884
4,2021-04-22-US-SJC-1,SamsungS20Ultra,1303162432000,1,19,GPS_L1,1303162431925896867,7347642.17,-14424891.176,20747684.191,2696.375,-105.976,-1025.052,-2829.632,0.001,22339740.719,7.195,0.0,5.655,4.247,22336901.185,G19,1303162432999,-2682154.025524892,-4311647.553394808,3846641.085226858,234441.44422737884
5,2021-04-22-US-SJC-1,SamsungS20Ultra,1303162432000,1,25,GPS_L1,1303162431919514112,-16752482.28,8885860.156,18217918.252,647.073,-2294.401,1716.324,37061.819,0.001,24253242.53,19.187,0.0,8.547,10.232,24290285.57,G25,1303162432999,-2682154.025524892,-4311647.553394808,3846641.085226858,234441.44422737884
6,2021-04-22-US-SJC-1,SamsungS20Ultra,1303162432000,1,28,GPS_L1,1303162431917642071,11792233.947,-23894747.999,-602052.955,145.315,225.958,-3188.271,174695.87,-0.001,24814466.302,6.595,0.0,10.481,13.343,24989138.348000005,G28,1303162432999,-2682154.025524892,-4311647.553394808,3846641.085226858,234441.44422737884
0,2021-04-22-US-SJC-1,SamsungS20Ultra,1303162433000,1,2,GPS_L1,1303162432929918470,-11863018.221,-21924640.767,9747689.82,968.254,657.153,2853.752,-179289.243,-0.0,21134094.471,5.096,0.0,4.007,2.656,20954798.565,G2,1303162433999,-2682158.3543913765,-4311646.738237213,3846638.994616307,234567.39072728698
1,2021-04-22-US-SJC-1,SamsungS20Ultra,1303162433000,1,6,GPS_L1,1303162432930054573,-932839.402,-19651483.552,17876350.139,1542.373,1648.958,1905.368,2794.849,0.001,21093291.818,7.495,0.0,4.147,2.85,21096079.669999998,G6,1303162433999,-2682158.3543913765,-4311646.738237213,3846638.994616307,234567.39072728698
2,2021-04-22-US-SJC-1,SamsungS20Ultra,1303162433000,1,12,GPS_L1,1303162432929249362,-13683377.801,-5683450.547,21788479.568,1143.595,-2582.216,58.3,-9398.55,-0.002,21334688.003,2.998,0.0,4.521,3.179,21325281.752999995,G12,1303162433999,-2682158.3543913765,-4311646.738237213,3846638.994616307,234567.39072728698
3,2021-04-22-US-SJC-1,SamsungS20Ultra,1303162433000,1,17,GPS_L1,1303162432918412731,15835906.566,-13293501.274,17097318.549,2085.171,-113.37,-2071.466,129137.124,0.003,24583428.247,17.088,0.0,8.182,9.438,24712547.751000002,G17,1303162433999,-2682158.3543913765,-4311646.738237213,3846638.994616307,234567.39072728698
4,2021-04-22-US-SJC-1,SamsungS20Ultra,1303162433000,1,19,GPS_L1,1303162432925894803,7350338.47,-14424997.229,20746658.915,2696.238,-106.13,-1025.505,-2829.631,0.001,22340359.491,6.895,0.0,5.655,4.248,22337519.957,G19,1303162433999,-2682158.3543913765,-4311646.738237213,3846638.994616307,234567.39072728698
5,2021-04-22-US-SJC-1,SamsungS20Ultra,1303162433000,1,25,GPS_L1,1303162432919515741,-16751835.234,8883565.63,18219634.378,647.017,-2294.643,1715.924,37061.82,0.001,24252754.168,18.587,0.0,8.546,10.227,24289797.215,G25,1303162433999,-2682158.3543913765,-4311646.738237213,3846638.994616307,234567.39072728698
6,2021-04-22-US-SJC-1,SamsungS20Ultra,1303162433000,1,28,GPS_L1,1303162432917640044,11792379.185,-23894521.864,-605241.213,145.162,226.313,-3188.258,174695.869,-0.001,24815073.982,7.795,0.0,10.482,13.35,24989746.018999998,G28,1303162433999,-2682158.3543913765,-4311646.738237213,3846638.994616307,234567.39072728698
0,2021-04-22-US-SJC-1,SamsungS20Ultra,1303162434000,1,2,GPS_L1,1303162433929918636,-11862049.827,-21923983.515,9750543.471,968.534,657.351,2853.55,-179289.243,-0.0,21134044.705,5.096,0.0,4.007,2.656,20954748.799,G2,1303162434999,-2682163.529942205,-4311645.751160733,3846636.5584628778,234692.8775652337
1,2021-04-22-US-SJC-1,SamsungS20Ultra,1303162434000,1,6,GPS_L1,1303162433930053479,-931296.904,-19649834.552,17878255.315,1542.628,1649.046,1904.989,2794.85,0.001,21093619.791,6.895,0.0,4.147,2.85,21096407.644,G6,1303162434999,-2682163.529942205,-4311645.751160733,3846636.5584628778,234692.8775652337
2,2021-04-22-US-SJC-1,SamsungS20Ultra,1303162434000,1,12,GPS_L1,1303162433929250207,-13682234.28,-5686032.803,21788537.631,1143.444,-2582.289,57.825,-9398.552,-0.002,21334434.678,3.897,0.0,4.521,3.178,21325028.426999997,G12,1303162434999,-2682163.529942205,-4311645.751160733,3846636.5584628778,234692.8775652337
3,2021-04-22-US-SJC-1,SamsungS20Ultra,1303162434000,1,17,GPS_L1,1303162433918410645,15837991.603,-13293614.694,17095246.911,2084.912,-113.471,-2071.819,129137.127,0.003,24584053.614,11.392,0.0,8.183,9.441,24713173.117000002,G17,1303162434999,-2682163.529942205,-4311645.751160733,3846636.5584628778,234692.8775652337
4,2021-04-22-US-SJC-1,SamsungS20Ultra,1303162434000,1,19,GPS_L1,1303162433925892735,7353034.633,-14425103.436,20745633.185,2696.1,-106.285,-1025.959,-2829.631,0.001,22340979.462,6.895,0.0,5.656,4.248,22338139.927,G19,1303162434999,-2682163.529942205,-4311645.751160733,3846636.5584628778,234692.8775652337
5,2021-04-22-US-SJC-1,SamsungS20Ultra,1303162434000,1,25,GPS_L1,1303162433919517378,-16751188.244,8881270.863,18221350.106,646.96,-2294.885,1715.525,37061.821,0.001,24252263.407,16.788,0.0,8.545,10.223,24289306.459999997,G25,1303162434999,-2682163.529942205,-4311645.751160733,3846636.5584628778,234692.8775652337
6,2021-04-22-US-SJC-1,SamsungS20Ultra,1303162434000,1,28,GPS_L1,1303162433917638013,11792524.271,-23894295.374,-608429.459,145.01,226.668,-3188.245,174695.867,-0.001,24815682.86,14.99,0.0,10.484,13.356,24990354.887,G28,1303162434999,-2682163.529942205,-4311645.751160733,3846636.5584628778,234692.8775652337
0,2021-04-22-US-SJC-1,SamsungS20Ultra,1303162435000,1,2,GPS_L1,1303162434929918804,-11861081.154,-21923326.066,9753396.919,968.813,657.549,2853.347,-179289.243,-0.0,21133994.34,4.797,0.0,4.007,2.656,20954698.434,G2,1303162435999,-2682169.557707376,-4311644.424041028,3846633.894157636,234820.89034794614
1,2021-04-22-US-SJC-1,SamsungS20Ultra,1303162435000,1,6,GPS_L1,1303162434930052377,-929754.149,-19648185.465,17880160.112,1542.884,1649.133,1904.609,2794.851,0.001,21093950.162,7.795,0.0,4.147,2.85,21096738.016,G6,1303162435999,-2682169.557707376,-4311644.424041028,3846633.894157636,234820.89034794614
2,2021-04-22-US-SJC-1,SamsungS20Ultra,1303162435000,1,12,GPS_L1,1303162434929251049,-13681090.91,-5688615.13,21788595.219,1143.293,-2582.362,57.35,-9398.555,-0.002,21334182.253,3.598,0.0,4.52,3.178,21324776.0,G12,1303162435999,-2682169.557707376,-4311644.424041028,3846633.894157636,234820.89034794614
3,2021-04-22-US-SJC-1,SamsungS20Ultra,1303162435000,1,17,GPS_L1,1303162434918408557,15840076.381,-13293728.215,17093174.919,2084.653,-113.571,-2072.172,129137.13,0.003,24584679.58,8.994,0.0,8.184,9.445,24713799.080999997,G17,1303162435999,-2682169.557707376,-4311644.424041028,3846633.894157636,234820.89034794614
4,2021-04-22-US-SJC-1,SamsungS20Ultra,1303162435000,1,19,GPS_L1,1303162434925890669,7355730.659,-14425209.798,20744607.001,2695.963,-106.439,-1026.413,-2829.63,0.001,22341598.833,7.495,0.0,5.657,4.249,22338759.297,G19,1303162435999,-2682169.557707376,-4311644.424041028,3846633.894157636,234820.89034794614
5,2021-04-22-US-SJC-1,SamsungS20Ultra,1303162435000,1,25,GPS_L1,1303162434919519008,-16750541.311,8878975.854,18223065.433,646.903,-2295.126,1715.125,37061.822,0.001,24251774.746,20.086,0.0,8.544,10.219,24288817.805,G25,1303162435999,-2682169.557707376,-4311644.424041028,3846633.894157636,234820.89034794614
6,2021-04-22-US-SJC-1,SamsungS20Ultra,1303162435000,1,28,GPS_L1,1303162434917635993,11792669.205,-23894068.529,-611617.692,144.857,227.023,-3188.233,174695.866,-0.001,24816288.441,16.788,0.0,10.485,13.362,24990960.46,G28,1303162435999,-2682169.557707376,-4311644.424041028,3846633.894157636,234820.89034794614
0,2021-04-22-US-SJC-1,SamsungS20Ultra,1303162436000,1,2,GPS_L1,1303162435929918968,-11860112.201,-21922668.418,9756250.165,969.092,657.746,2853.144,-179289.243,-0.0,21133945.174,5.096,0.0,4.007,2.656,20954649.268,G2,1303162436999,-2682176.637910985,-4311642.761932105,3846630.8409007937,234947.0000651392
1,2021-04-22-US-SJC-1,SamsungS20Ultra,1303162436000,1,6,GPS_L1,1303162435930051274,-928211.14,-19646536.29,17882064.529,1543.139,1649.22,1904.23,2794.852,0.001,21094280.833,8.694,0.0,4.147,2.85,21097068.688,G6,1303162436999,-2682176.637910985,-4311642.761932105,3846630.8409007937,234947.0000651392
2,2021-04-22-US-SJC-1,SamsungS20Ultra,1303162436000,1,12,GPS_L1,1303162435929251894,-13679947.692,-5691197.53,21788652.332,1143.141,-2582.435,56.876,-9398.557,-0.002,21333928.928,2.698,0.0,4.52,3.178,21324522.673,G12,1303162436999,-2682176.637910985,-4311642.761932105,3846630.8409007937,234947.0000651392
3,2021-04-22-US-SJC-1,SamsungS20Ultra,1303162436000,1,17,GPS_L1,1303162435918406445,15842160.9,-13293841.836,17091102.575,2084.394,-113.671,-2072.525,129137.133,0.003,24585312.742,7.795,0.0,8.185,9.448,24714432.242000002,G17,1303162436999,-2682176.637910985,-4311642.761932105,3846630.8409007937,234947.0000651392
4,2021-04-22-US-SJC-1,SamsungS20Ultra,1303162436000,1,19,GPS_L1,1303162435925888596,7358426.548,-14425316.315,20743580.364,2695.826,-106.594,-1026.867,-2829.629,0.001,22342220.303,11.092,0.0,5.657,4.25,22339380.766999997,G19,1303162436999,-2682176.637910985,-4311642.761932105,3846630.8409007937,234947.0000651392
5,2021-04-22-US-SJC-1,SamsungS20Ultra,1303162436000,1,25,GPS_L1,1303162435919520730,-16749894.435,8876680.602,18224780.362,646.847,-2295.368,1714.726,37061.824,0.001,24251258.503,11.392,0.0,8.543,10.215,24288301.569,G25,1303162436999,-2682176.637910985,-4311642.761932105,3846630.8409007937,234947.0000651392
6,2021-04-22-US-SJC-1,SamsungS20Ultra,1303162436000,1,28,GPS_L1,1303162435917633953,11792813.985,-23893841.329,-614805.911,144.705,227.378,-3188.22,174695.864,-0.001,24816900.018,11.092,0.0,10.487,13.369,24991572.026,G28,1303162436999,-2682176.637910985,-4311642.761932105,3846630.8409007937,234947.0000651392
0,2021-04-22-US-SJC-1,SamsungS20Ultra,1303162437000,1,2,GPS_L1,1303162436929919139,-11859142.969,-21922010.573,9759103.209,969.372,657.944,2852.941,-179289.244,-0.0,21133893.91,4.797,0.0,4.007,2.655,20954598.004,G2,1303162437999,-2682184.6410199385,-4311641.040335203,3846627.2476244406,235075.46686149272
1,2021-04-22-US-SJC-1,SamsungS20Ultra,1303162437000,1,6,GPS_L1,1303162436930050184,-926667.875,-19644887.027,17883968.568,1543.394,1649.308,1903.85,2794.853,0.001,21094607.607,5.396,0.0,4.148,2.85,21097395.462,G6,1303162437999,-2682184.6410199385,-4311641.040335203,3846627.2476244406,235075.46686149272
2,2021-04-22-US-SJC-1,SamsungS20Ultra,1303162437000,1,12,GPS_L1,1303162436929252739,-13678804.626,-5693780.004,21788708.97,1142.99,-2582.508,56.401,-9398.559,-0.002,21333675.604,3.298,0.0,4.52,3.178,21324269.347,G12,1303162437999,-2682184.6410199385,-4311641.040335203,3846627.2476244406,235075.46686149272
3,2021-04-22-US-SJC-1,SamsungS20Ultra,1303162437000,1,17,GPS_L1,1303162436918404343,15844245.16,-13293955.557,17089029.878,2084.134,-113.772,-2072.878,129137.136,0.003,24585942.906,8.094,0.0,8.186,9.451,24715062.404999997,G17,1303162437999,-2682184.6410199385,-4311641.040335203,3846627.2476244406,235075.46686149272
4,2021-04-22-US-SJC-1,SamsungS20Ultra,1303162437000,1,19,GPS_L1,1303162436925886541,7361122.3,-14425422.986,20742553.272,2695.688,-106.748,-1027.32,-2829.629,0.001,22342836.376,12.891,0.0,5.658,4.25,22339996.838999998,G19,1303162437999,-2682184.6410199385,-4311641.040335203,3846627.2476244406,235075.46686149272
5,2021-04-22-US-SJC-1,SamsungS20Ultra,1303162437000,1,25,GPS_L1,1303162436919522334,-16749247.616,8874385.11,18226494.891,646.79,-2295.61,1714.326,37061.825,0.001,24250777.636,7.495,0.0,8.542,10.21,24287820.709,G25,1303162437999,-2682184.6410199385,-4311641.040335203,3846627.2476244406,235075.46686149272
6,2021-04-22-US-SJC-1,SamsungS20Ultra,1303162437000,1,28,GPS_L1,1303162436917631913,11792958.614,-23893613.775,-617994.118,144.553,227.733,-3188.207,174695.863,-0.001,24817511.594,8.394,0.0,10.488,13.375,24992183.594,G28,1303162437999,-2682184.6410199385,-4311641.040335203,3846627.2476244406,235075.46686149272
0,2021-04-22-US-SJC-1,SamsungS20Ultra,1303162438000,1,2,GPS_L1,1303162437929919305,-11858173.458,-21921352.53,9761956.048,969.651,658.142,2852.738,-179289.244,-0.0,21133844.144,5.396,0.0,4.006,2.655,20954548.239,G2,1303162438999,-2682193.677130587,-4311639.1244695475,3846623.1551487357,235203.99710104588
1,2021-04-22-US-SJC-1,SamsungS20Ultra,1303162438000,1,6,GPS_L1,1303162437930049075,-925124.355,-19643237.678,17885872.226,1543.649,1649.395,1903.471,2794.854,0.001,21094940.077,5.696,0.0,4.148,2.851,21097727.932,G6,1303162438999,-2682193.677130587,-4311639.1244695475,3846623.1551487357,235203.99710104588
2,2021-04-22-US-SJC-1,SamsungS20Ultra,1303162438000,1,12,GPS_L1,1303162437929253585,-13677661.71,-5696362.551,21788765.134,1142.839,-2582.581,55.926,-9398.562,-0.002,21333421.979,3.298,0.0,4.519,3.177,21324015.720999997,G12,1303162438999,-2682193.677130587,-4311639.1244695475,3846623.1551487357,235203.99710104588
3,2021-04-22-US-SJC-1,SamsungS20Ultra,1303162438000,1,17,GPS_L1,1303162437918402221,15846329.161,-13294069.379,17086956.828,2083.875,-113.872,-2073.231,129137.139,0.003,24586579.065,15.889,0.0,8.186,9.454,24715698.564,G17,1303162438999,-2682193.677130587,-4311639.1244695475,3846623.1551487357,235203.99710104588
4,2021-04-22-US-SJC-1,SamsungS20Ultra,1303162438000,1,19,GPS_L1,1303162437925884443,7363817.914,-14425529.811,20741525.727,2695.551,-106.903,-1027.774,-2829.628,0.001,22343465.341,8.394,0.0,5.659,4.251,22340625.803,G19,1303162438999,-2682193.677130587,-4311639.1244695475,3846623.1551487357,235203.99710104588
5,2021-04-22-US-SJC-1,SamsungS20Ultra,1303162438000,1,25,GPS_L1,1303162437919523958,-16748600.853,8872089.376,18228209.02,646.733,-2295.851,1713.927,37061.826,0.001,24250290.773,9.294,0.0,8.541,10.206,24287333.851999998,G25,1303162438999,-2682193.677130587,-4311639.1244695475,3846623.1551487357,235203.99710104588
6,2021-04-22-US-SJC-1,SamsungS20Ultra,1303162438000,1,28,GPS_L1,1303162437917629878,11793103.09,-23893385.865,-621182.311,144.4,228.087,-3188.194,174695.861,-0.001,24818121.672,7.795,0.0,10.489,13.381,24992793.663,G28,1303162438999,-2682193.677130587,-4311639.1244695475,3846623.1551487357,235203.99710104588
0,2021-04-22-US-SJC-1,SamsungS20Ultra,1303162439000,1,2,GPS_L1,1303162438929919462,-11857203.666,-21920694.289,9764808.686,969.931,658.339,2852.535,-179289.244,-0.0,21133797.077,5.096,0.0,4.006,2.655,20954501.172,G2,1303162439999,-2682203.7672082484,-4311636.898402484,3846618.49662633,235326.42662324637
1,2021-04-22-US-SJC-1,SamsungS20Ultra,1303162439000,1,6,GPS_L1,1303162438930047970,-923580.579,-19641588.242,17887775.505,1543.905,1649.482,1903.091,2794.855,0.001,21095271.348,10.793,0.0,4.148,2.851,21098059.204000004,G6,1303162439999,-2682203.7672082484,-4311636.898402484,3846618.49662633,235326.42662324637
2,2021-04-22-US-SJC-1,SamsungS20Ultra,1303162439000,1,12,GPS_L1,1303162438929254429,-13676518.946,-5698945.17,21788820.823,1142.687,-2582.654,55.451,-9398.564,-0.002,21333168.954,3.298,0.0,4.519,3.177,21323762.694,G12,1303162439999,-2682203.7672082484,-4311636.898402484,3846618.49662633,235326.42662324637
3,2021-04-22-US-SJC-1,SamsungS20Ultra,1303162439000,1,17,GPS_L1,1303162438918400103,15848412.901,-13294183.301,17084883.426,2083.616,-113.972,-2073.583,129137.141,0.003,24587214.026,6.895,0.0,8.187,9.457,24716333.523000002,G17,1303162439999,-2682203.7672082484,-4311636.898402484,3846618.49662633,235326.42662324637
4,2021-04-22-US-SJC-1,SamsungS20Ultra,1303162439000,1,19,GPS_L1,1303162438925882354,7366513.39,-14425636.79,20740497.729,2695.414,-107.057,-1028.228,-2829.628,0.001,22344091.607,8.994,0.0,5.659,4.252,22341252.068,G19,1303162439999,-2682203.7672082484,-4311636.898402484,3846618.49662633,235326.42662324637
5,2021-04-22-US-SJC-1,SamsungS20Ultra,1303162439000,1,25,GPS_L1,1303162438919525628,-16747954.147,8869793.4,18229922.75,646.676,-2296.093,1713.527,37061.827,0.001,24249790.12,5.396,0.0,8.541,10.202,24286833.204,G25,1303162439999,-2682203.7672082484,-4311636.898402484,3846618.49662633,235326.42662324637
6,2021-04-22-US-SJC-1,SamsungS20Ultra,1303162439000,1,28,GPS_L1,1303162438917627836,11793247.414,-23893157.601,-624370.492,144.248,228.442,-3188.18,174695.86,-0.001,24818733.848,5.996,0.0,10.491,13.388,24993405.829,G28,1303162439999,-2682203.7672082484,-4311636.898402484,3846618.49662633,235326.42662324637
0,2021-04-22-US-SJC-1,SamsungS20Ultra,1303162440000,1,2,GPS_L1,1303162439929919623,-11856233.596,-21920035.85,9767661.12,970.21,658.537,2852.332,-179289.244,-0.0,21133748.81,5.096,0.0,4.006,2.655,20954452.904999997,G2,1303162440999,-2682213.9412984517,-4311634.753955229,3846613.886892901,235450.71299094494
1,2021-04-22-US-SJC-1,SamsungS20Ultra,1303162440000,1,6,GPS_L1,1303162439930046864,-922036.549,-19639938.717,17889678.404,1544.16,1649.569,1902.711,2794.856,0.001,21095602.918,13.491,0.0,4.148,2.851,21098390.775000002,G6,1303162440999,-2682213.9412984517,-4311634.753955229,3846613.886892901,235450.71299094494
2,2021-04-22-US-SJC-1,SamsungS20Ultra,1303162440000,1,12,GPS_L1,1303162439929255280,-13675376.334,-5701527.862,21788876.037,1142.536,-2582.727,54.977,-9398.566,-0.002,21332913.831,3.897,0.0,4.519,3.177,21323507.569,G12,1303162440999,-2682213.9412984517,-4311634.753955229,3846613.886892901,235450.71299094494
3,2021-04-22-US-SJC-1,SamsungS20Ultra,1303162440000,1,17,GPS_L1,1303162439918397992,15850496.383,-13294297.323,17082809.67,2083.356,-114.072,-2073.936,129137.144,0.003,24587846.888,6.895,0.0,8.188,9.461,24716966.383,G17,1303162440999,-2682213.9412984517,-4311634.753955229,3846613.886892901,235450.71299094494
4,2021-04-22-US-SJC-1,SamsungS20Ultra,1303162440000,1,19,GPS_L1,1303162439925880287,7369208.73,-14425743.924,20739469.276,2695.276,-107.211,-1028.681,-2829.627,0.001,22344711.278,11.692,0.0,5.66,4.252,22341871.739,G19,1303162440999,-2682213.9412984517,-4311634.753955229,3846613.886892901,235450.71299094494
5,2021-04-22-US-SJC-1,SamsungS20Ultra,1303162440000,1,25,GPS_L1,1303162439919527248,-16747307.498,8867497.183,18231636.081,646.62,-2296.334,1713.128,37061.828,0.001,24249304.456,4.497,0.0,8.54,10.198,24286347.546000004,G25,1303162440999,-2682213.9412984517,-4311634.753955229,3846613.886892901,235450.71299094494
6,2021-04-22-US-SJC-1,SamsungS20Ultra,1303162440000,1,28,GPS_L1,1303162439917625790,11793391.585,-23892928.981,-627558.659,144.096,228.797,-3188.167,174695.858,-0.001,24819347.223,7.195,0.0,10.492,13.394,24994019.195,G28,1303162440999,-2682213.9412984517,-4311634.753955229,3846613.886892901,235450.71299094494
0,2021-04-22-US-SJC-1,SamsungS20Ultra,1303162441000,1,2,GPS_L1,1303162440929919793,-11855263.246,-21919377.215,9770513.351,970.489,658.735,2852.129,-179289.244,-0.0,21133697.845,5.396,0.0,4.006,2.655,20954401.939999998,G2,1303162441999,-2682223.4556838595,-4311632.711164313,3846609.6043823455,235580.23521887246
1,2021-04-22-US-SJC-1,SamsungS20Ultra,1303162441000,1,6,GPS_L1,1303162440930045766,-920492.263,-19638289.107,17891580.923,1544.415,1649.656,1902.332,2794.857,0.001,21095932.09,10.193,0.0,4.148,2.851,21098719.948000003,G6,1303162441999,-2682223.4556838595,-4311632.711164313,3846609.6043823455,235580.23521887246
2,2021-04-22-US-SJC-1,SamsungS20Ultra,1303162441000,1,12,GPS_L1,1303162440929256122,-13674233.873,-5704110.628,21788930.776,1142.384,-2582.799,54.502,-9398.569,-0.002,21332661.406,4.197,0.0,4.518,3.176,21323255.143000003,G12,1303162441999,-2682223.4556838595,-4311632.711164313,3846609.6043823455,235580.23521887246
3,2021-04-22-US-SJC-1,SamsungS20Ultra,1303162441000,1,17,GPS_L1,1303162440918395878,15852579.605,-13294411.445,17080735.563,2083.097,-114.173,-2074.289,129137.147,0.003,24588480.649,8.394,0.0,8.189,9.464,24717600.143,G17,1303162441999,-2682223.4556838595,-4311632.711164313,3846609.6043823455,235580.23521887246
4,2021-04-22-US-SJC-1,SamsungS20Ultra,1303162441000,1,19,GPS_L1,1303162440925878196,7371903.931,-14425851.213,20738440.371,2695.138,-107.366,-1029.135,-2829.627,0.001,22345338.144,10.793,0.0,5.661,4.253,22342498.603000004,G19,1303162441999,-2682223.4556838595,-4311632.711164313,3846609.6043823455,235580.23521887246
5,2021-04-22-US-SJC-1,SamsungS20Ultra,1303162441000,1,25,GPS_L1,1303162440919528882,-16746660.906,8865200.724,18233349.011,646.563,-2296.576,1712.728,37061.829,0.001,24248814.595,4.497,0.0,8.539,10.193,24285857.691999998,G25,1303162441999,-2682223.4556838595,-4311632.711164313,3846609.6043823455,235580.23521887246
6,2021-04-22-US-SJC-1,SamsungS20Ultra,1303162441000,1,28,GPS_L1,1303162440917623739,11793535.604,-23892700.007,-630746.814,143.943,229.152,-3188.154,174695.857,-0.001,24819962.098,9.893,0.0,10.494,13.401,24994634.060000002,G28,1303162441999,-2682223.4556838595,-4311632.711164313,3846609.6043823455,235580.23521887246
0,2021-04-22-US-SJC-1,SamsungS20Ultra,1303162442000,1,17,GPS_L1,1303162441918393760,15854662.568,-13294525.668,17078661.102,2082.837,-114.273,-2074.641,129137.15,0.003,24589115.609,9.294,0.0,8.19,9.467,24718235.101999998,G17,1303162442999,-2682232.078980915,-4311630.808614687,3846605.700441969,235703.90676637815
1,2021-04-22-US-SJC-1,SamsungS20Ultra,1303162442000,1,19,GPS_L1,1303162441925876122,7374598.996,-14425958.656,20737411.011,2695.001,-107.52,-1029.588,-2829.626,0.001,22345959.914,10.793,0.0,5.661,4.254,22343120.373000003,G19,1303162442999,-2682232.078980915,-4311630.808614687,3846605.700441969,235703.90676637815
2,2021-04-22-US-SJC-1,SamsungS20Ultra,1303162442000,1,25,GPS_L1,1303162441919530504,-16746014.371,8862904.023,18235061.542,646.506,-2296.817,1712.328,37061.831,0.001,24248328.332,5.696,0.0,8.538,10.189,24285371.436,G25,1303162442999,-2682232.078980915,-4311630.808614687,3846605.700441969,235703.90676637815
3,2021-04-22-US-SJC-1,SamsungS20Ultra,1303162442000,1,2,GPS_L1,1303162441929919954,-11854292.617,-21918718.381,9773365.38,970.769,658.932,2851.926,-179289.245,-0.0,21133649.579,5.396,0.0,4.006,2.655,20954353.672999997,G2,1303162442999,-2682232.078980915,-4311630.808614687,3846605.700441969,235703.90676637815
4,2021-04-22-US-SJC-1,SamsungS20Ultra,1303162442000,1,6,GPS_L1,1303162441930044674,-918947.722,-19636639.409,17893483.063,1544.67,1649.743,1901.952,2794.858,0.001,21096259.463,14.39,0.0,4.148,2.851,21099047.322,G6,1303162442999,-2682232.078980915,-4311630.808614687,3846605.700441969,235703.90676637815
5,2021-04-22-US-SJC-1,SamsungS20Ultra,1303162442000,1,12,GPS_L1,1303162441929256971,-13673091.563,-5706693.466,21788985.041,1142.233,-2582.872,54.027,-9398.571,-0.002,21332406.882,2.698,0.0,4.518,3.176,21323000.617000002,G12,1303162442999,-2682232.078980915,-4311630.808614687,3846605.700441969,235703.90676637815
6,2021-04-22-US-SJC-1,SamsungS20Ultra,1303162442000,1,28,GPS_L1,1303162441917621698,11793679.471,-23892470.677,-633934.954,143.791,229.508,-3188.141,174695.855,-0.001,24820573.974,17.688,0.0,10.495,13.407,24995245.926999997,G28,1303162442999,-2682232.078980915,-4311630.808614687,3846605.700441969,235703.90676637815
0,2021-04-22-US-SJC-1,SamsungS20Ultra,1303162443000,1,2,GPS_L1,1303162442929920123,-11853321.708,-21918059.35,9776217.204,971.048,659.13,2851.723,-179289.245,-0.0,21133598.914,5.096,0.0,4.005,2.655,20954303.009,G2,1303162443999,-2682239.3844594425,-4311629.237826014,3846602.389334806,235829.82094124387
1,2021-04-22-US-SJC-1,SamsungS20Ultra,1303162443000,1,6,GPS_L1,1303162442930043570,-917402.925,-19634989.624,17895384.823,1544.926,1649.83,1901.572,2794.859,0.001,21096590.434,15.589,0.0,4.149,2.851,21099378.293,G6,1303162443999,-2682239.3844594425,-4311629.237826014,3846602.389334806,235829.82094124387
2,2021-04-22-US-SJC-1,SamsungS20Ultra,1303162443000,1,12,GPS_L1,1303162442929257815,-13671949.406,-5709276.376,21789038.831,1142.081,-2582.945,53.552,-9398.573,-0.002,21332153.857,3.298,0.0,4.518,3.176,21322747.590000004,G12,1303162443999,-2682239.3844594425,-4311629.237826014,3846602.389334806,235829.82094124387
3,2021-04-22-US-SJC-1,SamsungS20Ultra,1303162443000,1,17,GPS_L1,1303162442918391646,15856745.271,-13294639.99,17076586.289,2082.578,-114.373,-2074.994,129137.153,0.003,24589749.371,15.289,0.0,8.19,9.47,24718868.864,G17,1303162443999,-2682239.3844594425,-4311629.237826014,3846602.389334806,235829.82094124387
4,2021-04-22-US-SJC-1,SamsungS20Ultra,1303162443000,1,19,GPS_L1,1303162442925874047,7377293.921,-14426066.253,20736381.198,2694.863,-107.674,-1030.042,-2829.625,0.001,22346581.983,8.994,0.0,5.662,4.254,22343742.441999998,G19,1303162443999,-2682239.3844594425,-4311629.237826014,3846602.389334806,235829.82094124387
5,2021-04-22-US-SJC-1,SamsungS20Ultra,1303162443000,1,25,GPS_L1,1303162442919532064,-16745367.892,8860607.082,18236773.673,646.449,-2297.059,1711.928,37061.832,0.001,24247860.655,14.39,0.0,8.537,10.185,24284903.765,G25,1303162443999,-2682239.3844594425,-4311629.237826014,3846602.389334806,235829.82094124387
6,2021-04-22-US-SJC-1,SamsungS20Ultra,1303162443000,1,28,GPS_L1,1303162442917619627,11793823.186,-23892240.993,-637123.082,143.639,229.863,-3188.127,174695.854,-0.001,24821194.844,20.386,0.0,10.497,13.413,24995866.788,G28,1303162443999,-2682239.3844594425,-4311629.237826014,3846602.389334806,235829.82094124387
0,2021-04-22-US-SJC-1,SamsungS20Ultra,1303162444000,1,2,GPS_L1,1303162443929920280,-11852350.52,-21917400.122,9779068.826,971.328,659.327,2851.519,-179289.245,-0.0,21133551.846,4.797,0.0,4.005,2.654,20954255.942,G2,1303162444999,-2682245.476658807,-4311627.934474469,3846599.6208084812,235956.32752201884
1,2021-04-22-US-SJC-1,SamsungS20Ultra,1303162444000,1,6,GPS_L1,1303162443930042457,-915857.874,-19633339.752,17897286.203,1545.181,1649.917,1901.192,2794.86,0.001,21096924.103,17.088,0.0,4.149,2.851,21099711.963,G6,1303162444999,-2682245.476658807,-4311627.934474469,3846599.6208084812,235956.32752201884
2,2021-04-22-US-SJC-1,SamsungS20Ultra,1303162444000,1,12,GPS_L1,1303162443929258661,-13670807.399,-5711859.359,21789092.146,1141.93,-2583.017,53.078,-9398.576,-0.002,21331900.233,4.497,0.0,4.517,3.175,21322493.964999996,G12,1303162444999,-2682245.476658807,-4311627.934474469,3846599.6208084812,235956.32752201884
3,2021-04-22-US-SJC-1,SamsungS20Ultra,1303162444000,1,17,GPS_L1,1303162443918389541,15858827.714,-13294754.413,17074511.124,2082.318,-114.473,-2075.346,129137.156,0.003,24590380.434,18.287,0.0,8.191,9.474,24719499.925,G17,1303162444999,-2682245.476658807,-4311627.934474469,3846599.6208084812,235956.32752201884
4,2021-04-22-US-SJC-1,SamsungS20Ultra,1303162444000,1,19,GPS_L1,1303162443925871987,7379988.709,-14426174.004,20735350.932,2694.725,-107.829,-1030.495,-2829.625,0.001,22347199.556,7.795,0.0,5.662,4.255,22344360.014000002,G19,1303162444999,-2682245.476658807,-4311627.934474469,3846599.6208084812,235956.32752201884
5,2021-04-22-US-SJC-1,SamsungS20Ultra,1303162444000,1,25,GPS_L1,1303162443919533576,-16744721.471,8858309.899,18238485.404,646.392,-2297.3,1711.529,37061.833,0.001,24247407.369,12.891,0.0,8.536,10.181,24284450.485,G25,1303162444999,-2682245.476658807,-4311627.934474469,3846599.6208084812,235956.32752201884
6,2021-04-22-US-SJC-1,SamsungS20Ultra,1303162444000,1,28,GPS_L1,1303162443917617653,11793966.749,-23892010.953,-640311.196,143.487,230.218,-3188.114,174695.852,-0.001,24821786.635,11.992,0.0,10.498,13.42,24996458.569000002,G28,1303162444999,-2682245.476658807,-4311627.934474469,3846599.6208084812,235956.32752201884
0,2021-04-22-US-SJC-1,SamsungS20Ultra,1303162445000,1,2,GPS_L1,1303162444929920434,-11851379.052,-21916740.696,9781920.244,971.607,659.524,2851.316,-179289.245,-0.0,21133505.678,4.797,0.0,4.005,2.654,20954209.774,G2,1303162445999,-2682250.473375787,-4311626.860025267,3846597.356184041,236083.46722343512
1,2021-04-22-US-SJC-1,SamsungS20Ultra,1303162445000,1,6,GPS_L1,1303162444930041341,-914312.567,-19631689.794,17899187.204,1545.436,1650.004,1900.813,2794.861,0.001,21097258.672,17.088,0.0,4.149,2.851,21100046.533,G6,1303162445999,-2682250.473375787,-4311626.860025267,3846597.356184041,236083.46722343512
2,2021-04-22-US-SJC-1,SamsungS20Ultra,1303162445000,1,12,GPS_L1,1303162444929259502,-13669665.545,-5714442.414,21789144.986,1141.778,-2583.089,52.603,-9398.578,-0.002,21331648.107,5.096,0.0,4.517,3.175,21322241.836999997,G12,1303162445999,-2682250.473375787,-4311626.860025267,3846597.356184041,236083.46722343512
3,2021-04-22-US-SJC-1,SamsungS20Ultra,1303162445000,1,17,GPS_L1,1303162444918387455,15860909.898,-13294868.936,17072435.606,2082.058,-114.573,-2075.699,129137.159,0.003,24591005.801,11.392,0.0,8.192,9.477,24720125.290999997,G17,1303162445999,-2682250.473375787,-4311626.860025267,3846597.356184041,236083.46722343512
4,2021-04-22-US-SJC-1,SamsungS20Ultra,1303162445000,1,19,GPS_L1,1303162444925869921,7382683.36,-14426281.909,20734320.212,2694.587,-107.983,-1030.949,-2829.624,0.001,22347818.927,7.495,0.0,5.663,4.255,22344979.385,G19,1303162445999,-2682250.473375787,-4311626.860025267,3846597.356184041,236083.46722343512
5,2021-04-22-US-SJC-1,SamsungS20Ultra,1303162445000,1,25,GPS_L1,1303162444919535163,-16744075.107,8856012.475,18240196.735,646.335,-2297.541,1711.129,37061.834,0.001,24246931.599,18.587,0.0,8.535,10.176,24283974.722,G25,1303162445999,-2682250.473375787,-4311626.860025267,3846597.356184041,236083.46722343512
6,2021-04-22-US-SJC-1,SamsungS20Ultra,1303162445000,1,28,GPS_L1,1303162444917615587,11794110.16,-23891780.558,-643499.297,143.335,230.573,-3188.1,174695.851,-0.001,24822406.006,17.688,0.0,10.499,13.426,24997077.932,G28,1303162445999,-2682250.473375787,-4311626.860025267,3846597.356184041,236083.46722343512
0,2021-04-22-US-SJC-1,SamsungS20Ultra,1303162446000,1,2,GPS_L1,1303162445929920593,-11850407.305,-21916081.073,9784771.459,971.887,659.721,2851.113,-179289.246,-0.0,21133458.011,4.797,0.0,4.005,2.654,20954162.106000002,G2,1303162446999,-2682254.357734272,-4311626.015608779,3846595.5894067427,236209.1576141517
1,2021-04-22-US-SJC-1,SamsungS20Ultra,1303162446000,1,6,GPS_L1,1303162445930040258,-912767.005,-19630039.748,17901087.825,1545.691,1650.091,1900.433,2794.862,0.001,21097583.347,12.591,0.0,4.149,2.852,21100371.207999997,G6,1303162446999,-2682254.357734272,-4311626.015608779,3846595.5894067427,236209.1576141517
2,2021-04-22-US-SJC-1,SamsungS20Ultra,1303162446000,1,12,GPS_L1,1303162445929260353,-13668523.842,-5717025.542,21789197.352,1141.626,-2583.162,52.128,-9398.58,-0.002,21331392.984,5.696,0.0,4.517,3.175,21321986.712,G12,1303162446999,-2682254.357734272,-4311626.015608779,3846595.5894067427,236209.1576141517
3,2021-04-22-US-SJC-1,SamsungS20Ultra,1303162446000,1,17,GPS_L1,1303162445918385349,15862991.822,-13294983.558,17070359.735,2081.798,-114.673,-2076.051,129137.162,0.003,24591637.164,10.493,0.0,8.193,9.48,24720756.653,G17,1303162446999,-2682254.357734272,-4311626.015608779,3846595.5894067427,236209.1576141517
4,2021-04-22-US-SJC-1,SamsungS20Ultra,1303162446000,1,19,GPS_L1,1303162445925867855,7385377.873,-14426389.969,20733289.038,2694.449,-108.137,-1031.402,-2829.624,0.001,22348438.298,7.195,0.0,5.664,4.256,22345598.753999997,G19,1303162446999,-2682254.357734272,-4311626.015608779,3846595.5894067427,236209.1576141517
5,2021-04-22-US-SJC-1,SamsungS20Ultra,1303162446000,1,28,GPS_L1,1303162445917613537,11794253.418,-23891549.808,-646687.384,143.183,230.928,-3188.087,174695.849,-0.001,24823020.58,12.591,0.0,10.501,13.433,24997692.495,G28,1303162446999,-2682254.357734272,-4311626.015608779,3846595.5894067427,236209.1576141517
0,2021-04-22-US-SJC-1,SamsungS20Ultra,1303162447000,1,2,GPS_L1,1303162446929920752,-11849435.278,-21915421.253,9787622.471,972.166,659.919,2850.909,-179289.246,-0.0,21133410.344,4.797,0.0,4.005,2.654,20954114.439000003,G2,1303162447999,-2682257.4287506593,-4311625.369857614,3846594.21425676,236335.30325654207
1,2021-04-22-US-SJC-1,SamsungS20Ultra,1303162447000,1,6,GPS_L1,1303162446930039190,-911221.188,-19628389.616,17902988.066,1545.946,1650.177,1900.053,2794.863,0.001,21097903.525,13.491,0.0,4.149,2.852,21100691.387,G6,1303162447999,-2682257.4287506593,-4311625.369857614,3846594.21425676,236335.30325654207
2,2021-04-22-US-SJC-1,SamsungS20Ultra,1303162447000,1,12,GPS_L1,1303162446929261182,-13667382.29,-5719608.742,21789249.243,1141.475,-2583.234,51.653,-9398.583,-0.002,21331144.456,5.396,0.0,4.516,3.174,21321738.183000002,G12,1303162447999,-2682257.4287506593,-4311625.369857614,3846594.21425676,236335.30325654207
3,2021-04-22-US-SJC-1,SamsungS20Ultra,1303162447000,1,17,GPS_L1,1303162446918383238,15865073.486,-13295098.281,17068283.513,2081.539,-114.773,-2076.403,129137.164,0.003,24592270.026,9.294,0.0,8.194,9.483,24721389.513000004,G17,1303162447999,-2682257.4287506593,-4311625.369857614,3846594.21425676,236335.30325654207
4,2021-04-22-US-SJC-1,SamsungS20Ultra,1303162447000,1,19,GPS_L1,1303162446925865790,7388072.248,-14426498.183,20732257.411,2694.311,-108.291,-1031.856,-2829.623,0.001,22349057.37,8.094,0.0,5.664,4.257,22346217.826,G19,1303162447999,-2682257.4287506593,-4311625.369857614,3846594.21425676,236335.30325654207
5,2021-04-22-US-SJC-1,SamsungS20Ultra,1303162447000,1,28,GPS_L1,1303162446917611510,11794396.525,-23891318.703,-649875.457,143.031,231.283,-3188.073,174695.848,-0.001,24823628.26,13.79,0.0,10.502,13.439,24998300.167000003,G28,1303162447999,-2682257.4287506593,-4311625.369857614,3846594.21425676,236335.30325654207
0,2021-04-22-US-SJC-1,SamsungS20Ultra,1303162448000,1,2,GPS_L1,1303162447929920908,-11848462.971,-21914761.235,9790473.279,972.446,660.116,2850.706,-179289.246,-0.0,21133363.577,5.096,0.0,4.005,2.654,20954067.672000002,G2,1303162448999,-2682259.470777777,-4311624.939957978,3846593.2785145524,236462.63646212732
1,2021-04-22-US-SJC-1,SamsungS20Ultra,1303162448000,1,6,GPS_L1,1303162447930038088,-909675.116,-19626739.397,17904887.926,1546.202,1650.264,1899.673,2794.864,0.001,21098233.897,9.893,0.0,4.149,2.852,21101021.759999998,G6,1303162448999,-2682259.470777777,-4311624.939957978,3846593.2785145524,236462.63646212732
2,2021-04-22-US-SJC-1,SamsungS20Ultra,1303162448000,1,12,GPS_L1,1303162447929262022,-13666240.891,-5722192.015,21789300.659,1141.323,-2583.306,51.179,-9398.585,-0.002,21330892.63,6.296,0.0,4.516,3.174,21321486.355,G12,1303162448999,-2682259.470777777,-4311624.939957978,3846593.2785145524,236462.63646212732
3,2021-04-22-US-SJC-1,SamsungS20Ultra,1303162448000,1,17,GPS_L1,1303162447918381116,15867154.89,-13295213.103,17066206.937,2081.279,-114.873,-2076.756,129137.167,0.003,24592906.185,10.193,0.0,8.194,9.486,24722025.672,G17,1303162448999,-2682259.470777777,-4311624.939957978,3846593.2785145524,236462.63646212732
4,2021-04-22-US-SJC-1,SamsungS20Ultra,1303162448000,1,19,GPS_L1,1303162447925863746,7390766.484,-14426606.551,20731225.331,2694.173,-108.446,-1032.309,-2829.623,0.001,22349670.145,9.294,0.0,5.665,4.257,22346830.6,G19,1303162448999,-2682259.470777777,-4311624.939957978,3846593.2785145524,236462.63646212732
5,2021-04-22-US-SJC-1,SamsungS20Ultra,1303162448000,1,28,GPS_L1,1303162447917609459,11794539.48,-23891087.243,-653063.517,142.879,231.638,-3188.059,174695.846,-0.001,24824243.134,15.289,0.0,10.504,13.445,24998915.031,G28,1303162448999,-2682259.470777777,-4311624.939957978,3846593.2785145524,236462.63646212732
0,2021-04-22-US-SJC-1,SamsungS20Ultra,1303162449000,1,2,GPS_L1,1303162448929921067,-11847490.386,-21914101.021,9793323.883,972.725,660.313,2850.502,-179289.246,-0.0,21133315.91,4.497,0.0,4.004,2.654,20954020.006,G2,1303162449999,-2682260.593526992,-4311624.699775677,3846592.751779789,236589.51068064937
1,2021-04-22-US-SJC-1,SamsungS20Ultra,1303162449000,1,6,GPS_L1,1303162448930036973,-908128.788,-19625089.092,17906787.407,1546.457,1650.35,1899.293,2794.865,0.001,21098568.165,10.493,0.0,4.149,2.852,21101356.028999995,G6,1303162449999,-2682260.593526992,-4311624.699775677,3846592.751779789,236589.51068064937
2,2021-04-22-US-SJC-1,SamsungS20Ultra,1303162449000,1,12,GPS_L1,1303162448929262867,-13665099.643,-5724775.36,21789351.601,1141.171,-2583.379,50.704,-9398.587,-0.002,21330639.306,6.296,0.0,4.516,3.174,21321233.029000003,G12,1303162449999,-2682260.593526992,-4311624.699775677,3846592.751779789,236589.51068064937
3,2021-04-22-US-SJC-1,SamsungS20Ultra,1303162449000,1,19,GPS_L1,1303162448925861678,7393460.583,-14426715.074,20730192.797,2694.035,-108.6,-1032.763,-2829.622,0.001,22350290.116,9.593,0.0,5.666,4.258,22347450.569999997,G19,1303162449999,-2682260.593526992,-4311624.699775677,3846592.751779789,236589.51068064937
4,2021-04-22-US-SJC-1,SamsungS20Ultra,1303162449000,1,28,GPS_L1,1303162448917607423,11794682.283,-23890855.428,-656251.563,142.727,231.993,-3188.046,174695.845,-0.001,24824853.512,13.191,0.0,10.505,13.452,24999525.4,G28,1303162449999,-2682260.593526992,-4311624.699775677,3846592.751779789,236589.51068064937
0,2021-04-22-US-SJC-1,SamsungS20Ultra,1303162450000,1,2,GPS_L1,1303162449929921228,-11846517.52,-21913440.609,9796174.284,973.005,660.51,2850.299,-179289.246,-0.0,21133267.643,5.096,0.0,4.004,2.654,20953971.739,G2,1303162450999,-2682260.811926683,-4311624.65545657,3846592.649851877,236716.17042380842
1,2021-04-22-US-SJC-1,SamsungS20Ultra,1303162450000,1,6,GPS_L1,1303162449930035884,-906582.205,-19623438.7,17908686.508,1546.712,1650.437,1898.913,2794.866,0.001,21098894.639,16.489,0.0,4.15,2.852,21101682.503,G6,1303162450999,-2682260.811926683,-4311624.65545657,3846592.649851877,236716.17042380842
2,2021-04-22-US-SJC-1,SamsungS20Ultra,1303162450000,1,12,GPS_L1,1303162449929263692,-13663958.547,-5727358.776,21789402.067,1141.019,-2583.451,50.229,-9398.59,-0.002,21330391.977,6.895,0.0,4.515,3.174,21320985.698000003,G12,1303162450999,-2682260.811926683,-4311624.65545657,3846592.649851877,236716.17042380842
3,2021-04-22-US-SJC-1,SamsungS20Ultra,1303162450000,1,19,GPS_L1,1303162449925859577,7396154.543,-14426823.75,20729159.809,2693.897,-108.754,-1033.216,-2829.621,0.001,22350919.98,7.495,0.0,5.666,4.259,22348080.434,G19,1303162450999,-2682260.811926683,-4311624.65545657,3846592.649851877,236716.17042380842
0,2021-04-22-US-SJC-1,SamsungS20Ultra,1303162451000,1,2,GPS_L1,1303162450929921389,-11845544.376,-21912780.001,9799024.481,973.285,660.707,2850.095,-179289.247,-0.0,21133219.377,5.396,0.0,4.004,2.653,20953923.472999997,G2,1303162451999,-2682260.810010004,-4311624.648734788,3846592.6421728437,236838.66085397865
1,2021-04-22-US-SJC-1,SamsungS20Ultra,1303162451000,1,6,GPS_L1,1303162450930034836,-905035.368,-19621788.221,17910585.229,1546.967,1650.523,1898.533,2794.867,0.001,21099208.822,14.09,0.0,4.15,2.852,21101996.687,G6,1303162451999,-2682260.810010004,-4311624.648734788,3846592.6421728437,236838.66085397865
2,2021-04-22-US-SJC-1,SamsungS20Ultra,1303162451000,1,12,GPS_L1,1303162450929264503,-13662817.602,-5729942.266,21789452.059,1140.868,-2583.523,49.754,-9398.592,-0.002,21330148.845,6.895,0.0,4.515,3.173,21320742.564999998,G12,1303162451999,-2682260.810010004,-4311624.648734788,3846592.6421728437,236838.66085397865
3,2021-04-22-US-SJC-1,SamsungS20Ultra,1303162451000,1,19,GPS_L1,1303162450925857548,7398848.365,-14426932.581,20728126.369,2693.758,-108.908,-1033.669,-2829.621,0.001,22351528.259,5.996,0.0,5.667,4.259,22348688.712,G19,1303162451999,-2682260.810010004,-4311624.648734788,3846592.6421728437,236838.66085397865
0,2021-04-22-US-SJC-1,SamsungS20Ultra,1303162452000,1,2,GPS_L1,1303162451929921547,-11844570.951,-21912119.195,9801874.475,973.564,660.904,2849.891,-179289.247,-0.0,21133172.009,5.696,0.0,4.004,2.653,20953876.104999997,G2,1303162452999,-2682260.809949568,-4311624.64863764,3846592.642322868,236963.52439347786
1,2021-04-22-US-SJC-1,SamsungS20Ultra,1303162452000,1,6,GPS_L1,1303162451930033719,-903488.275,-19620137.657,17912483.569,1547.222,1650.61,1898.153,2794.868,0.001,21099543.69,14.09,0.0,4.15,2.852,21102331.556,G6,1303162452999,-2682260.809949568,-4311624.64863764,3846592.642322868,236963.52439347786
2,2021-04-22-US-SJC-1,SamsungS20Ultra,1303162452000,1,12,GPS_L1,1303162451929265337,-13661676.81,-5732525.827,21789501.576,1140.716,-2583.595,49.28,-9398.594,-0.002,21329898.818,7.195,0.0,4.514,3.173,21320492.537,G12,1303162452999,-2682260.809949568,-4311624.64863764,3846592.642322868,236963.52439347786
3,2021-04-22-US-SJC-1,SamsungS20Ultra,1303162452000,1,19,GPS_L1,1303162451925855518,7401542.049,-14427041.566,20727092.475,2693.62,-109.062,-1034.123,-2829.62,0.001,22352136.838,6.296,0.0,5.668,4.26,22349297.289999995,G19,1303162452999,-2682260.809949568,-4311624.64863764,3846592.642322868,236963.52439347786
0,2021-04-22-US-SJC-1,SamsungS20Ultra,1303162453000,1,2,GPS_L1,1303162452929921701,-11843597.247,-21911458.193,9804724.265,973.844,661.101,2849.687,-179289.247,-0.0,21133125.841,5.396,0.0,4.004,2.653,20953829.936999995,G2,1303162453999,-2682260.8101379317,-4311624.648655204,3846592.6421728437,237087.89749206734
1,2021-04-22-US-SJC-1,SamsungS20Ultra,1303162453000,1,6,GPS_L1,1303162452930032624,-901940.927,-19618487.006,17914381.53,1547.477,1650.696,1897.772,2794.869,0.001,21099871.963,14.69,0.0,4.15,2.852,21102659.83,G6,1303162453999,-2682260.8101379317,-4311624.648655204,3846592.6421728437,237087.89749206734
2,2021-04-22-US-SJC-1,SamsungS20Ultra,1303162453000,1,12,GPS_L1,1303162452929266178,-13660536.169,-5735109.46,21789550.619,1140.564,-2583.667,48.805,-9398.597,-0.002,21329646.693,7.195,0.0,4.514,3.173,21320240.409,G12,1303162453999,-2682260.8101379317,-4311624.648655204,3846592.6421728437,237087.89749206734
3,2021-04-22-US-SJC-1,SamsungS20Ultra,1303162453000,1,19,GPS_L1,1303162452925853477,7404235.594,-14427150.704,20726058.127,2693.482,-109.216,-1034.576,-2829.62,0.001,22352748.714,6.595,0.0,5.668,4.261,22349909.165,G19,1303162453999,-2682260.8101379317,-4311624.648655204,3846592.6421728437,237087.89749206734
0,2021-04-22-US-SJC-1,SamsungS20Ultra,1303162454000,1,2,GPS_L1,1303162453929921861,-11842623.263,-21910796.994,9807573.85,974.123,661.298,2849.484,-179289.247,-0.0,21133077.875,5.396,0.0,4.003,2.653,20953781.972,G2,1303162454999,-2682260.8101379317,-4311624.648655204,3846592.6421728437,237215.72965033402
1,2021-04-22-US-SJC-1,SamsungS20Ultra,1303162454000,1,6,GPS_L1,1303162453930031520,-900393.324,-19616836.268,17916279.11,1547.732,1650.782,1897.392,2794.87,0.001,21100202.933,19.487,0.0,4.15,2.853,21102990.8,G6,1303162454999,-2682260.8101379317,-4311624.648655204,3846592.6421728437,237215.72965033402
2,2021-04-22-US-SJC-1,SamsungS20Ultra,1303162454000,1,12,GPS_L1,1303162453929267021,-13659395.68,-5737693.164,21789599.186,1140.412,-2583.739,48.33,-9398.599,-0.002,21329393.968,7.195,0.0,4.514,3.172,21319987.683000002,G12,1303162454999,-2682260.8101379317,-4311624.648655204,3846592.6421728437,237215.72965033402
3,2021-04-22-US-SJC-1,SamsungS20Ultra,1303162454000,1,19,GPS_L1,1303162453925851433,7406929.001,-14427259.997,20725023.327,2693.343,-109.37,-1035.029,-2829.619,0.001,22353361.49,6.595,0.0,5.669,4.261,22350521.941,G19,1303162454999,-2682260.8101379317,-4311624.648655204,3846592.6421728437,237215.72965033402
0,2021-04-22-US-SJC-1,SamsungS20Ultra,1303162455000,1,2,GPS_L1,1303162454929922016,-11841649.0,-21910135.597,9810423.233,974.403,661.494,2849.28,-179289.247,-0.0,21133031.407,5.396,0.0,4.003,2.653,20953735.504,G2,1303162455999,-2682260.809949568,-4311624.64863764,3846592.642322868,237342.23595941477
1,2021-04-22-US-SJC-1,SamsungS20Ultra,1303162455000,1,6,GPS_L1,1303162454930030406,-898845.466,-19615185.445,17918176.31,1547.987,1650.868,1897.012,2794.871,0.001,21100536.902,18.587,0.0,4.15,2.853,21103324.77,G6,1303162455999,-2682260.809949568,-4311624.64863764,3846592.642322868,237342.23595941477
2,2021-04-22-US-SJC-1,SamsungS20Ultra,1303162455000,1,12,GPS_L1,1303162454929267857,-13658255.343,-5740276.942,21789647.279,1140.26,-2583.81,47.855,-9398.601,-0.002,21329143.341,7.495,0.0,4.513,3.172,21319737.055,G12,1303162455999,-2682260.809949568,-4311624.64863764,3846592.642322868,237342.23595941477
3,2021-04-22-US-SJC-1,SamsungS20Ultra,1303162455000,1,19,GPS_L1,1303162454925849378,7409622.27,-14427369.444,20723988.073,2693.205,-109.524,-1035.483,-2829.619,0.001,22353977.563,6.296,0.0,5.669,4.262,22351138.013000004,G19,1303162455999,-2682260.809949568,-4311624.64863764,3846592.642322868,237342.23595941477
0,2021-04-22-US-SJC-1,SamsungS20Ultra,1303162456000,1,2,GPS_L1,1303162455929922174,-11840674.457,-21909474.005,9813272.411,974.682,661.691,2849.076,-179289.248,-0.0,21132984.04,5.396,0.0,4.003,2.653,20953688.136,G2,1303162456999,-2682260.809949568,-4311624.64863764,3846592.642322868,237465.7999650523
1,2021-04-22-US-SJC-1,SamsungS20Ultra,1303162456000,1,6,GPS_L1,1303162455930029302,-897297.353,-19613534.536,17920073.13,1548.242,1650.954,1896.632,2794.872,0.001,21100867.873,21.885,0.0,4.151,2.853,21103655.741,G6,1303162456999,-2682260.809949568,-4311624.64863764,3846592.642322868,237465.7999650523
2,2021-04-22-US-SJC-1,SamsungS20Ultra,1303162456000,1,12,GPS_L1,1303162455929268703,-13657115.158,-5742860.79,21789694.897,1140.108,-2583.882,47.381,-9398.604,-0.002,21328889.717,7.195,0.0,4.513,3.172,21319483.428000003,G12,1303162456999,-2682260.809949568,-4311624.64863764,3846592.642322868,237465.7999650523
3,2021-04-22-US-SJC-1,SamsungS20Ultra,1303162456000,1,19,GPS_L1,1303162455925847315,7412315.399,-14427479.045,20722952.366,2693.066,-109.678,-1035.936,-2829.618,0.001,22354596.035,5.996,0.0,5.67,4.263,22351756.483999997,G19,1303162456999,-2682260.809949568,-4311624.64863764,3846592.642322868,237465.7999650523
4,2021-04-22-US-SJC-1,SamsungS20Ultra,1303162456000,1,25,GPS_L1,1303162455919553157,-16736968.882,8830724.892,18258994.982,645.703,-2300.192,1706.728,37061.847,0.001,24241537.133,19.487,0.0,8.526,10.13,24278580.324,G25,1303162456999,-2682260.809949568,-4311624.64863764,3846592.642322868,237465.7999650523
0,2021-04-22-US-SJC-1,SamsungS20Ultra,1303162457000,1,2,GPS_L1,1303162456929922329,-11839699.635,-21908812.215,9816121.385,974.962,661.888,2848.872,-179289.248,-0.0,21132937.572,5.396,0.0,4.003,2.653,20953641.668,G2,1303162457999,-2682260.809949568,-4311624.64863764,3846592.642322868,237593.7740800335
1,2021-04-22-US-SJC-1,SamsungS20Ultra,1303162457000,1,6,GPS_L1,1303162456930028210,-895748.985,-19611883.54,17921969.569,1548.497,1651.04,1896.251,2794.873,0.001,21101195.247,18.587,0.0,4.151,2.853,21103983.116,G6,1303162457999,-2682260.809949568,-4311624.64863764,3846592.642322868,237593.7740800335
2,2021-04-22-US-SJC-1,SamsungS20Ultra,1303162457000,1,12,GPS_L1,1303162456929269550,-13655975.125,-5745444.71,21789742.041,1139.956,-2583.954,46.906,-9398.606,-0.002,21328635.793,7.195,0.0,4.513,3.171,21319229.503000002,G12,1303162457999,-2682260.809949568,-4311624.64863764,3846592.642322868,237593.7740800335
3,2021-04-22-US-SJC-1,SamsungS20Ultra,1303162457000,1,19,GPS_L1,1303162456925845250,7415008.391,-14427588.8,20721916.205,2692.927,-109.832,-1036.389,-2829.617,0.001,22355215.107,5.696,0.0,5.671,4.263,22352375.556,G19,1303162457999,-2682260.809949568,-4311624.64863764,3846592.642322868,237593.7740800335
4,2021-04-22-US-SJC-1,SamsungS20Ultra,1303162457000,1,25,GPS_L1,1303162456919554774,-16736323.206,8828424.576,18260701.513,645.646,-2300.433,1706.328,37061.848,0.001,24241052.369,20.086,0.0,8.525,10.126,24278095.566000003,G25,1303162457999,-2682260.809949568,-4311624.64863764,3846592.642322868,237593.7740800335
0,2021-04-22-US-SJC-1,SamsungS20Ultra,1303162458000,1,2,GPS_L1,1303162457929922476,-11838724.533,-21908150.229,9818970.156,975.242,662.084,2848.668,-179289.248,-0.0,21132893.502,5.396,0.0,4.003,2.652,20953597.599000003,G2,1303162458999,-2682260.8098216397,-4311624.648717225,3846592.642322868,237720.68236695955
1,2021-04-22-US-SJC-1,SamsungS20Ultra,1303162458000,1,6,GPS_L1,1303162457930027075,-894200.362,-19610232.459,17923865.628,1548.752,1651.126,1895.871,2794.874,0.001,21101535.511,22.784,0.0,4.151,2.853,21104323.381,G6,1303162458999,-2682260.8098216397,-4311624.648717225,3846592.642322868,237720.68236695955
2,2021-04-22-US-SJC-1,SamsungS20Ultra,1303162458000,1,12,GPS_L1,1303162457929270395,-13654835.244,-5748028.702,21789788.709,1139.804,-2584.026,46.431,-9398.608,-0.002,21328382.468,7.495,0.0,4.512,3.171,21318976.177,G12,1303162458999,-2682260.8098216397,-4311624.648717225,3846592.642322868,237720.68236695955
3,2021-04-22-US-SJC-1,SamsungS20Ultra,1303162458000,1,19,GPS_L1,1303162457925843190,7417701.243,-14427698.709,20720879.592,2692.788,-109.986,-1036.842,-2829.617,0.001,22355832.679,5.696,0.0,5.671,4.264,22352993.127000004,G19,1303162458999,-2682260.8098216397,-4311624.648717225,3846592.642322868,237720.68236695955
4,2021-04-22-US-SJC-1,SamsungS20Ultra,1303162458000,1,25,GPS_L1,1303162457919556396,-16735677.588,8826124.019,18262407.643,645.588,-2300.674,1705.927,37061.85,0.001,24240566.105,21.585,0.0,8.524,10.122,24277609.309,G25,1303162458999,-2682260.8098216397,-4311624.648717225,3846592.642322868,237720.68236695955
0,2021-04-22-US-SJC-1,SamsungS20Ultra,1303162459000,1,2,GPS_L1,1303162458929922629,-11837749.151,-21907488.046,9821818.721,975.521,662.281,2848.464,-179289.248,-0.0,21132847.634,5.096,0.0,4.003,2.652,20953551.731000002,G2,1303162459999,-2682260.8098216397,-4311624.648717225,3846592.642322868,237845.65088275046
1,2021-04-22-US-SJC-1,SamsungS20Ultra,1303162459000,1,6,GPS_L1,1303162458930025984,-892651.484,-19608581.291,17925761.307,1549.007,1651.212,1895.491,2794.875,0.001,21101862.585,20.086,0.0,4.151,2.853,21104650.456,G6,1303162459999,-2682260.8098216397,-4311624.648717225,3846592.642322868,237845.65088275046
2,2021-04-22-US-SJC-1,SamsungS20Ultra,1303162459000,1,12,GPS_L1,1303162458929271244,-13653695.515,-5750612.766,21789834.903,1139.652,-2584.097,45.956,-9398.611,-0.002,21328127.944,7.495,0.0,4.512,3.171,21318721.65,G12,1303162459999,-2682260.8098216397,-4311624.648717225,3846592.642322868,237845.65088275046
3,2021-04-22-US-SJC-1,SamsungS20Ultra,1303162459000,1,19,GPS_L1,1303162458925841130,7420393.957,-14427808.772,20719842.525,2692.65,-110.14,-1037.296,-2829.616,0.001,22356450.252,5.396,0.0,5.672,4.265,22353610.699,G19,1303162459999,-2682260.8098216397,-4311624.648717225,3846592.642322868,237845.65088275046
4,2021-04-22-US-SJC-1,SamsungS20Ultra,1303162459000,1,25,GPS_L1,1303162458919558053,-16735032.028,8823823.22,18264113.374,645.53,-2300.914,1705.527,37061.851,0.001,24240069.349,19.187,0.0,8.523,10.118,24277112.559,G25,1303162459999,-2682260.8098216397,-4311624.648717225,3846592.642322868,237845.65088275046
0,2021-04-22-US-SJC-1,SamsungS20Ultra,1303162460000,1,2,GPS_L1,1303162459929922775,-11836773.49,-21906825.667,9824667.083,975.801,662.477,2848.259,-179289.249,-0.0,21132803.864,5.096,0.0,4.002,2.652,20953507.961,G2,1303162460999,-2682260.8098216397,-4311624.648717225,3846592.642322868,237974.08402622273
1,2021-04-22-US-SJC-1,SamsungS20Ultra,1303162460000,1,6,GPS_L1,1303162459930024892,-891102.35,-19606930.037,17927656.606,1549.262,1651.298,1895.11,2794.876,0.001,21102189.958,23.084,0.0,4.151,2.853,21104977.83,G6,1303162460999,-2682260.8098216397,-4311624.648717225,3846592.642322868,237974.08402622273
2,2021-04-22-US-SJC-1,SamsungS20Ultra,1303162460000,1,12,GPS_L1,1303162459929272068,-13652555.938,-5753196.901,21789880.622,1139.5,-2584.169,45.482,-9398.613,-0.002,21327880.915,7.495,0.0,4.512,3.17,21318474.619999997,G12,1303162460999,-2682260.8098216397,-4311624.648717225,3846592.642322868,237974.08402622273
3,2021-04-22-US-SJC-1,SamsungS20Ultra,1303162460000,1,19,GPS_L1,1303162459925839080,7423086.531,-14427918.989,20718805.005,2692.511,-110.294,-1037.749,-2829.616,0.001,22357064.826,5.396,0.0,5.673,4.265,22354225.272,G19,1303162460999,-2682260.8098216397,-4311624.648717225,3846592.642322868,237974.08402622273
4,2021-04-22-US-SJC-1,SamsungS20Ultra,1303162460000,1,25,GPS_L1,1303162459919559651,-16734386.526,8821522.182,18265818.703,645.473,-2301.155,1705.127,37061.852,0.001,24239590.281,17.688,0.0,8.523,10.114,24276633.496000003,G25,1303162460999,-2682260.8098216397,-4311624.648717225,3846592.642322868,237974.08402622273
0,2021-04-22-US-SJC-1,SamsungS20Ultra,1303162461000,1,2,GPS_L1,1303162460929922930,-11835797.549,-21906163.091,9827515.241,976.081,662.674,2848.055,-179289.249,-0.0,21132757.396,5.096,0.0,4.002,2.652,20953461.493,G2,1303162461999,-2682260.809764759,-4311624.648625791,3846592.642464067,238101.78014342734
1,2021-04-22-US-SJC-1,SamsungS20Ultra,1303162461000,1,6,GPS_L1,1303162460930023796,-889552.963,-19605278.698,17929551.523,1549.517,1651.384,1894.73,2794.877,0.001,21102518.53,26.082,0.0,4.151,2.853,21105306.403,G6,1303162461999,-2682260.809764759,-4311624.648625791,3846592.642464067,238101.78014342734
2,2021-04-22-US-SJC-1,SamsungS20Ultra,1303162461000,1,12,GPS_L1,1303162460929272913,-13651416.513,-5755781.107,21789925.867,1139.348,-2584.24,45.007,-9398.615,-0.002,21327627.591,7.195,0.0,4.511,3.17,21318221.294999998,G12,1303162461999,-2682260.809764759,-4311624.648625791,3846592.642464067,238101.78014342734
3,2021-04-22-US-SJC-1,SamsungS20Ultra,1303162461000,1,19,GPS_L1,1303162460925837020,7425778.966,-14428029.36,20717767.032,2692.372,-110.448,-1038.202,-2829.615,0.001,22357682.399,5.696,0.0,5.673,4.266,22354842.845000003,G19,1303162461999,-2682260.809764759,-4311624.648625791,3846592.642464067,238101.78014342734
4,2021-04-22-US-SJC-1,SamsungS20Ultra,1303162461000,1,25,GPS_L1,1303162460919561273,-16733741.081,8819220.903,18267523.632,645.415,-2301.396,1704.726,37061.853,0.001,24239104.017,19.786,0.0,8.522,10.11,24276147.238,G25,1303162461999,-2682260.809764759,-4311624.648625791,3846592.642464067,238101.78014342734
0,2021-04-22-US-SJC-1,SamsungS20Ultra,1303162462000,1,2,GPS_L1,1303162461929923076,-11834821.328,-21905500.319,9830363.194,976.36,662.87,2847.851,-179289.249,-0.0,21132713.627,5.396,0.0,4.002,2.652,20953417.724,G2,1303162462999,-2682260.809644356,-4311624.648700694,3846592.642464067,238225.293584877
1,2021-04-22-US-SJC-1,SamsungS20Ultra,1303162462000,1,6,GPS_L1,1303162461930022802,-888003.319,-19603627.273,17931446.061,1549.772,1651.47,1894.349,2794.878,0.001,21102816.524,12.891,0.0,4.151,2.854,21105604.397,G6,1303162462999,-2682260.809644356,-4311624.648700694,3846592.642464067,238225.293584877
2,2021-04-22-US-SJC-1,SamsungS20Ultra,1303162462000,1,12,GPS_L1,1303162461929273747,-13650277.24,-5758365.385,21789970.636,1139.196,-2584.311,44.532,-9398.618,-0.002,21327377.564,7.495,0.0,4.511,3.17,21317971.264999997,G12,1303162462999,-2682260.809644356,-4311624.648700694,3846592.642464067,238225.293584877
3,2021-04-22-US-SJC-1,SamsungS20Ultra,1303162462000,1,17,GPS_L1,1303162461918352079,15896267.243,-13296831.082,17037097.911,2077.636,-116.266,-2081.684,129137.208,0.003,24601611.259,8.994,0.0,8.205,9.531,24730730.731000002,G17,1303162462999,-2682260.809644356,-4311624.648700694,3846592.642464067,238225.293584877
4,2021-04-22-US-SJC-1,SamsungS20Ultra,1303162462000,1,19,GPS_L1,1303162461925834970,7428471.264,-14428139.884,20716728.606,2692.233,-110.602,-1038.655,-2829.615,0.001,22358296.973,6.595,0.0,5.674,4.267,22355457.417000003,G19,1303162462999,-2682260.809644356,-4311624.648700694,3846592.642464067,238225.293584877
5,2021-04-22-US-SJC-1,SamsungS20Ultra,1303162462000,1,25,GPS_L1,1303162461919562916,-16733095.694,8816919.383,18269228.161,645.357,-2301.636,1704.326,37061.854,0.001,24238611.458,21.585,0.0,8.521,10.106,24275654.685,G25,1303162462999,-2682260.809644356,-4311624.648700694,3846592.642464067,238225.293584877
0,2021-04-22-US-SJC-1,SamsungS20Ultra,1303162463000,1,2,GPS_L1,1303162462929923226,-11833844.828,-21904837.351,9833210.944,976.64,663.067,2847.647,-179289.249,-0.0,21132668.658,5.396,0.0,4.002,2.652,20953372.755,G2,1303162463999,-2682260.809644356,-4311624.648700694,3846592.642464067,238351.54548122996
1,2021-04-22-US-SJC-1,SamsungS20Ultra,1303162463000,1,6,GPS_L1,1303162462930021708,-886453.421,-19601975.762,17933340.218,1550.027,1651.555,1893.969,2794.879,0.001,21103144.497,11.692,0.0,4.152,2.854,21105932.370000005,G6,1303162463999,-2682260.809644356,-4311624.648700694,3846592.642464067,238351.54548122996
2,2021-04-22-US-SJC-1,SamsungS20Ultra,1303162463000,1,12,GPS_L1,1303162462929274582,-13649138.119,-5760949.734,21790014.931,1139.044,-2584.383,44.057,-9398.62,-0.002,21327127.237,7.495,0.0,4.511,3.17,21317720.935999997,G12,1303162463999,-2682260.809644356,-4311624.648700694,3846592.642464067,238351.54548122996
3,2021-04-22-US-SJC-1,SamsungS20Ultra,1303162463000,1,17,GPS_L1,1303162462918350013,15898344.744,-13296947.397,17035016.055,2077.375,-116.366,-2082.036,129137.211,0.003,24602230.63,9.294,0.0,8.206,9.534,24731350.100999996,G17,1303162463999,-2682260.809644356,-4311624.648700694,3846592.642464067,238351.54548122996
4,2021-04-22-US-SJC-1,SamsungS20Ultra,1303162463000,1,25,GPS_L1,1303162462919564518,-16732450.365,8814617.623,18270932.29,645.299,-2301.877,1703.925,37061.855,0.001,24238131.191,23.384,0.0,8.52,10.101,24275174.425,G25,1303162463999,-2682260.809644356,-4311624.648700694,3846592.642464067,238351.54548122996
0,2021-04-22-US-SJC-1,SamsungS20Ultra,1303162464000,1,2,GPS_L1,1303162463929923389,-11832868.048,-21904174.186,9836058.488,976.92,663.263,2847.442,-179289.249,-0.0,21132619.792,5.396,0.0,4.002,2.652,20953323.889,G2,1303162464999,-2682260.809516428,-4311624.648780278,3846592.642464067,238480.0498247517
1,2021-04-22-US-SJC-1,SamsungS20Ultra,1303162464000,1,6,GPS_L1,1303162463930020580,-884903.268,-19600324.166,17935233.994,1550.282,1651.641,1893.588,2794.88,0.001,21103482.663,12.591,0.0,4.152,2.854,21106270.537,G6,1303162464999,-2682260.809516428,-4311624.648780278,3846592.642464067,238480.0498247517
2,2021-04-22-US-SJC-1,SamsungS20Ultra,1303162464000,1,12,GPS_L1,1303162463929275409,-13647999.151,-5763534.155,21790058.751,1138.891,-2584.454,43.583,-9398.622,-0.002,21326879.309,7.195,0.0,4.51,3.169,21317473.007999998,G12,1303162464999,-2682260.809516428,-4311624.648780278,3846592.642464067,238480.0498247517
3,2021-04-22-US-SJC-1,SamsungS20Ultra,1303162464000,1,17,GPS_L1,1303162463918347958,15900421.985,-13297063.812,17032933.848,2077.115,-116.465,-2082.387,129137.213,0.003,24602846.704,10.493,0.0,8.207,9.538,24731966.172000002,G17,1303162464999,-2682260.809516428,-4311624.648780278,3846592.642464067,238480.0498247517
4,2021-04-22-US-SJC-1,SamsungS20Ultra,1303162464000,1,19,GPS_L1,1303162463925830899,7433855.44,-14428361.395,20714650.394,2691.955,-110.909,-1039.561,-2829.613,0.001,22359517.428,7.195,0.0,5.675,4.268,22356677.871999998,G19,1303162464999,-2682260.809516428,-4311624.648780278,3846592.642464067,238480.0498247517
5,2021-04-22-US-SJC-1,SamsungS20Ultra,1303162464000,1,25,GPS_L1,1303162463919566140,-16731805.094,8812315.623,18272636.017,645.241,-2302.117,1703.525,37061.857,0.001,24237644.928,17.388,0.0,8.519,10.097,24274688.169,G25,1303162464999,-2682260.809516428,-4311624.648780278,3846592.642464067,238480.0498247517
0,2021-04-22-US-SJC-1,SamsungS20Ultra,1303162465000,1,2,GPS_L1,1303162464929923538,-11831890.988,-21903510.825,9838905.829,977.2,663.459,2847.238,-179289.25,-0.0,21132575.123,5.396,0.0,4.002,2.651,20953279.22,G2,1303162465999,-2682260.809516428,-4311624.648780278,3846592.642464067,238607.24131936542
1,2021-04-22-US-SJC-1,SamsungS20Ultra,1303162465000,1,6,GPS_L1,1303162464930019460,-883352.859,-19598672.484,17937127.39,1550.537,1651.726,1893.207,2794.881,0.001,21103818.431,14.09,0.0,4.152,2.854,21106606.306000005,G6,1303162465999,-2682260.809516428,-4311624.648780278,3846592.642464067,238607.24131936542
2,2021-04-22-US-SJC-1,SamsungS20Ultra,1303162465000,1,12,GPS_L1,1303162464929276235,-13646860.335,-5766118.646,21790102.097,1138.739,-2584.525,43.108,-9398.625,-0.002,21326631.68,7.195,0.0,4.51,3.169,21317225.376,G12,1303162465999,-2682260.809516428,-4311624.648780278,3846592.642464067,238607.24131936542
3,2021-04-22-US-SJC-1,SamsungS20Ultra,1303162465000,1,17,GPS_L1,1303162464918345890,15902498.965,-13297180.327,17030851.289,2076.854,-116.564,-2082.739,129137.216,0.003,24603466.674,11.092,0.0,8.208,9.541,24732586.140999995,G17,1303162465999,-2682260.809516428,-4311624.648780278,3846592.642464067,238607.24131936542
4,2021-04-22-US-SJC-1,SamsungS20Ultra,1303162465000,1,19,GPS_L1,1303162464925828875,7436547.319,-14428472.381,20713610.608,2691.815,-111.063,-1040.014,-2829.613,0.001,22360124.208,8.094,0.0,5.676,4.268,22357284.651,G19,1303162465999,-2682260.809516428,-4311624.648780278,3846592.642464067,238607.24131936542
0,2021-04-22-US-SJC-1,SamsungS20Ultra,1303162466000,1,2,GPS_L1,1303162465929923689,-11830913.648,-21902847.268,9841752.965,977.479,663.655,2847.033,-179289.25,-0.0,21132529.854,5.396,0.0,4.001,2.651,20953233.952,G2,1303162466999,-2682260.809516428,-4311624.648780278,3846592.642464067,238728.6482108156
1,2021-04-22-US-SJC-1,SamsungS20Ultra,1303162466000,1,6,GPS_L1,1303162465930018359,-881802.197,-19597020.717,17939020.405,1550.792,1651.812,1892.827,2794.882,0.001,21104148.502,13.79,0.0,4.152,2.854,21106936.378000002,G6,1303162466999,-2682260.809516428,-4311624.648780278,3846592.642464067,238728.6482108156
2,2021-04-22-US-SJC-1,SamsungS20Ultra,1303162466000,1,12,GPS_L1,1303162465929277081,-13645721.671,-5768703.209,21790144.967,1138.587,-2584.596,42.633,-9398.627,-0.002,21326378.056,7.195,0.0,4.51,3.169,21316971.75,G12,1303162466999,-2682260.809516428,-4311624.648780278,3846592.642464067,238728.6482108156
3,2021-04-22-US-SJC-1,SamsungS20Ultra,1303162466000,1,17,GPS_L1,1303162465918343824,15904575.684,-13297296.94,17028768.378,2076.593,-116.663,-2083.091,129137.219,0.003,24604086.046,11.092,0.0,8.209,9.544,24733205.512000002,G17,1303162466999,-2682260.809516428,-4311624.648780278,3846592.642464067,238728.6482108156
4,2021-04-22-US-SJC-1,SamsungS20Ultra,1303162466000,1,19,GPS_L1,1303162465925826858,7439239.059,-14428583.521,20712570.37,2691.676,-111.217,-1040.467,-2829.612,0.001,22360728.89,8.994,0.0,5.676,4.269,22357889.333,G19,1303162466999,-2682260.809516428,-4311624.648780278,3846592.642464067,238728.6482108156
5,2021-04-22-US-SJC-1,SamsungS20Ultra,1303162466000,1,25,GPS_L1,1303162465919569373,-16730514.727,8807710.901,18276042.271,645.125,-2302.598,1702.724,37061.859,0.001,24236675.699,19.487,0.0,8.517,10.089,24273718.952,G25,1303162466999,-2682260.809516428,-4311624.648780278,3846592.642464067,238728.6482108156
0,2021-04-22-US-SJC-1,SamsungS20Ultra,1303162467000,1,2,GPS_L1,1303162466929923838,-11829936.029,-21902183.514,9844599.896,977.759,663.851,2846.828,-179289.25,-0.0,21132485.185,5.396,0.0,4.001,2.651,20953189.283,G2,1303162467999,-2682260.809455992,-4311624.64868313,3846592.6426140903,238853.17800353278
1,2021-04-22-US-SJC-1,SamsungS20Ultra,1303162467000,1,6,GPS_L1,1303162466930017266,-880251.278,-19595368.864,17940913.04,1551.047,1651.897,1892.446,2794.883,0.001,21104476.175,14.09,0.0,4.152,2.854,21107264.052000005,G6,1303162467999,-2682260.809455992,-4311624.64868313,3846592.6426140903,238853.17800353278
2,2021-04-22-US-SJC-1,SamsungS20Ultra,1303162467000,1,12,GPS_L1,1303162466929277923,-13644583.159,-5771287.843,21790187.363,1138.435,-2584.667,42.158,-9398.629,-0.002,21326125.63,7.495,0.0,4.509,3.168,21316719.323999997,G12,1303162467999,-2682260.809455992,-4311624.64868313,3846592.6426140903,238853.17800353278
3,2021-04-22-US-SJC-1,SamsungS20Ultra,1303162467000,1,17,GPS_L1,1303162466918341719,15906652.142,-13297413.653,17026685.117,2076.332,-116.762,-2083.442,129137.222,0.003,24604717.109,11.092,0.0,8.209,9.547,24733836.575000003,G17,1303162467999,-2682260.809455992,-4311624.64868313,3846592.6426140903,238853.17800353278
4,2021-04-22-US-SJC-1,SamsungS20Ultra,1303162467000,1,19,GPS_L1,1303162466925824824,7441930.66,-14428694.814,20711529.678,2691.537,-111.371,-1040.92,-2829.612,0.001,22361338.667,9.294,0.0,5.677,4.27,22358499.108,G19,1303162467999,-2682260.809455992,-4311624.64868313,3846592.6426140903,238853.17800353278
5,2021-04-22-US-SJC-1,SamsungS20Ultra,1303162467000,1,25,GPS_L1,1303162466919570993,-16729869.63,8805408.18,18277744.797,645.067,-2302.838,1702.323,37061.86,0.001,24236190.035,19.187,0.0,8.517,10.085,24273233.292999998,G25,1303162467999,-2682260.809455992,-4311624.64868313,3846592.6426140903,238853.17800353278
0,2021-04-22-US-SJC-1,SamsungS20Ultra,1303162468000,1,2,GPS_L1,1303162467929923988,-11828958.13,-21901519.565,9847446.623,978.039,664.047,2846.624,-179289.25,-0.0,21132440.216,5.396,0.0,4.001,2.651,20953144.314,G2,1303162468999,-2682260.8093280625,-4311624.648762714,3846592.6426140903,238979.10918792835
1,2021-04-22-US-SJC-1,SamsungS20Ultra,1303162468000,1,6,GPS_L1,1303162467930016232,-878700.106,-19593716.926,17942805.293,1551.302,1651.983,1892.065,2794.884,0.001,21104786.161,14.99,0.0,4.152,2.854,21107574.039,G6,1303162468999,-2682260.8093280625,-4311624.648762714,3846592.6426140903,238979.10918792835
2,2021-04-22-US-SJC-1,SamsungS20Ultra,1303162468000,1,12,GPS_L1,1303162467929278767,-13643444.799,-5773872.548,21790229.284,1138.282,-2584.738,41.684,-9398.632,-0.002,21325872.606,7.495,0.0,4.509,3.168,21316466.297,G12,1303162468999,-2682260.8093280625,-4311624.648762714,3846592.6426140903,238979.10918792835
3,2021-04-22-US-SJC-1,SamsungS20Ultra,1303162468000,1,17,GPS_L1,1303162467918339624,15908728.34,-13297530.464,17024601.503,2076.072,-116.861,-2083.794,129137.225,0.003,24605345.174,10.493,0.0,8.21,9.55,24734464.639,G17,1303162468999,-2682260.8093280625,-4311624.648762714,3846592.6426140903,238979.10918792835
4,2021-04-22-US-SJC-1,SamsungS20Ultra,1303162468000,1,19,GPS_L1,1303162467925822783,7444622.121,-14428806.262,20710488.534,2691.397,-111.524,-1041.373,-2829.611,0.001,22361950.544,9.593,0.0,5.678,4.27,22359110.985,G19,1303162468999,-2682260.8093280625,-4311624.648762714,3846592.6426140903,238979.10918792835
5,2021-04-22-US-SJC-1,SamsungS20Ultra,1303162468000,1,25,GPS_L1,1303162467919572605,-16729224.591,8803105.218,18279446.922,645.009,-2303.078,1701.922,37061.861,0.001,24235706.769,17.688,0.0,8.516,10.081,24272750.033000004,G25,1303162468999,-2682260.8093280625,-4311624.648762714,3846592.6426140903,238979.10918792835
0,2021-04-22-US-SJC-1,SamsungS20Ultra,1303162469000,1,2,GPS_L1,1303162468929924139,-11827979.951,-21900855.419,9850293.144,978.318,664.243,2846.419,-179289.25,-0.0,21132394.947,5.096,0.0,4.001,2.651,20953099.045,G2,1303162469999,-2682260.8093280625,-4311624.648762714,3846592.6426140903,239105.45098066892
1,2021-04-22-US-SJC-1,SamsungS20Ultra,1303162469000,1,6,GPS_L1,1303162468930015136,-877148.678,-19592064.902,17944697.166,1551.557,1652.068,1891.685,2794.885,0.001,21105114.733,14.39,0.0,4.152,2.854,21107902.612000003,G6,1303162469999,-2682260.8093280625,-4311624.648762714,3846592.6426140903,239105.45098066892
2,2021-04-22-US-SJC-1,SamsungS20Ultra,1303162469000,1,12,GPS_L1,1303162468929279608,-13642306.592,-5776457.323,21790270.731,1138.13,-2584.809,41.209,-9398.634,-0.002,21325620.48,7.795,0.0,4.509,3.168,21316214.169,G12,1303162469999,-2682260.8093280625,-4311624.648762714,3846592.6426140903,239105.45098066892
3,2021-04-22-US-SJC-1,SamsungS20Ultra,1303162469000,1,17,GPS_L1,1303162468918337532,15910804.277,-13297647.375,17022517.538,2075.811,-116.96,-2084.145,129137.228,0.003,24605972.34,9.893,0.0,8.211,9.554,24735091.803,G17,1303162469999,-2682260.8093280625,-4311624.648762714,3846592.6426140903,239105.45098066892
4,2021-04-22-US-SJC-1,SamsungS20Ultra,1303162469000,1,19,GPS_L1,1303162468925820722,7447313.444,-14428917.863,20709446.937,2691.258,-111.678,-1041.826,-2829.611,0.001,22362568.416,9.893,0.0,5.678,4.271,22359728.856,G19,1303162469999,-2682260.8093280625,-4311624.648762714,3846592.6426140903,239105.45098066892
5,2021-04-22-US-SJC-1,SamsungS20Ultra,1303162469000,1,25,GPS_L1,1303162468919574224,-16728579.611,8800802.016,18281148.647,644.95,-2303.318,1701.521,37061.862,0.001,24235221.405,18.287,0.0,8.515,10.077,24272264.675,G25,1303162469999,-2682260.8093280625,-4311624.648762714,3846592.6426140903,239105.45098066892
0,2021-04-22-US-SJC-1,SamsungS20Ultra,1303162470000,1,2,GPS_L1,1303162469929924277,-11827001.493,-21900191.078,9853139.462,978.598,664.439,2846.214,-179289.251,-0.0,21132353.576,4.797,0.0,4.001,2.651,20953057.673000004,G2,1303162470999,-2682260.8093280625,-4311624.648762714,3846592.6426140903,239235.39158897553
1,2021-04-22-US-SJC-1,SamsungS20Ultra,1303162470000,1,6,GPS_L1,1303162469930014081,-875596.995,-19590412.793,17946588.658,1551.812,1652.153,1891.304,2794.886,0.001,21105431.014,13.491,0.0,4.153,2.855,21108218.891999997,G6,1303162470999,-2682260.8093280625,-4311624.648762714,3846592.6426140903,239235.39158897553
2,2021-04-22-US-SJC-1,SamsungS20Ultra,1303162470000,1,12,GPS_L1,1303162469929280444,-13641168.537,-5779042.17,21790311.703,1137.978,-2584.88,40.734,-9398.636,-0.002,21325369.854,7.495,0.0,4.508,3.167,21315963.542999998,G12,1303162470999,-2682260.8093280625,-4311624.648762714,3846592.6426140903,239235.39158897553
3,2021-04-22-US-SJC-1,SamsungS20Ultra,1303162470000,1,17,GPS_L1,1303162469918335426,15912879.953,-13297764.385,17020433.221,2075.55,-117.059,-2084.497,129137.231,0.003,24606603.703,11.392,0.0,8.212,9.557,24735723.165,G17,1303162470999,-2682260.8093280625,-4311624.648762714,3846592.6426140903,239235.39158897553
4,2021-04-22-US-SJC-1,SamsungS20Ultra,1303162470000,1,19,GPS_L1,1303162469925818629,7450004.626,-14429029.618,20708404.886,2691.118,-111.832,-1042.279,-2829.61,0.001,22363195.882,8.694,0.0,5.679,4.272,22360356.321,G19,1303162470999,-2682260.8093280625,-4311624.648762714,3846592.6426140903,239235.39158897553
5,2021-04-22-US-SJC-1,SamsungS20Ultra,1303162470000,1,25,GPS_L1,1303162469919575843,-16727934.688,8798498.573,18282849.971,644.892,-2303.558,1701.121,37061.864,0.001,24234736.041,17.088,0.0,8.514,10.073,24271779.318000004,G25,1303162470999,-2682260.8093280625,-4311624.648762714,3846592.6426140903,239235.39158897553
0,2021-04-22-US-SJC-1,SamsungS20Ultra,1303162471000,1,2,GPS_L1,1303162470929924427,-11826022.754,-21899526.541,9855985.574,978.878,664.635,2846.01,-179289.251,-0.0,21132308.607,4.797,0.0,4.0,2.651,20953012.705000002,G2,1303162471999,-2682260.809207659,-4311624.648837617,3846592.6426140903,239363.53601235675
1,2021-04-22-US-SJC-1,SamsungS20Ultra,1303162471000,1,6,GPS_L1,1303162470930012953,-874045.058,-19588760.6,17948479.769,1552.067,1652.238,1890.923,2794.887,0.001,21105769.18,13.79,0.0,4.153,2.855,21108557.058999997,G6,1303162471999,-2682260.809207659,-4311624.648837617,3846592.6426140903,239363.53601235675
2,2021-04-22-US-SJC-1,SamsungS20Ultra,1303162471000,1,12,GPS_L1,1303162470929281282,-13640030.635,-5781627.088,21790352.199,1137.825,-2584.951,40.259,-9398.639,-0.002,21325118.628,7.495,0.0,4.508,3.167,21315712.314,G12,1303162471999,-2682260.809207659,-4311624.648837617,3846592.6426140903,239363.53601235675
3,2021-04-22-US-SJC-1,SamsungS20Ultra,1303162471000,1,17,GPS_L1,1303162470918333293,15914955.368,-13297881.493,17018348.554,2075.289,-117.158,-2084.848,129137.234,0.003,24607243.16,12.291,0.0,8.213,9.56,24736362.621000003,G17,1303162471999,-2682260.809207659,-4311624.648837617,3846592.6426140903,239363.53601235675
4,2021-04-22-US-SJC-1,SamsungS20Ultra,1303162471000,1,19,GPS_L1,1303162470925816545,7452695.669,-14429141.526,20707362.383,2690.979,-111.986,-1042.732,-2829.609,0.001,22363820.649,8.094,0.0,5.679,4.272,22360981.088999998,G19,1303162471999,-2682260.809207659,-4311624.648837617,3846592.6426140903,239363.53601235675
5,2021-04-22-US-SJC-1,SamsungS20Ultra,1303162471000,1,25,GPS_L1,1303162470919577465,-16727289.824,8796194.892,18284550.893,644.834,-2303.799,1700.72,37061.865,0.001,24234249.778,18.287,0.0,8.513,10.068,24271293.062,G25,1303162471999,-2682260.809207659,-4311624.648837617,3846592.6426140903,239363.53601235675
0,2021-04-22-US-SJC-1,SamsungS20Ultra,1303162472000,1,2,GPS_L1,1303162471929924575,-11825043.736,-21898861.807,9858831.482,979.158,664.831,2845.805,-179289.251,-0.0,21132264.238,4.797,0.0,4.0,2.65,20952968.337000005,G2,1303162472999,-2682260.809207659,-4311624.648837617,3846592.6426140903,239491.01609968537
1,2021-04-22-US-SJC-1,SamsungS20Ultra,1303162472000,1,6,GPS_L1,1303162471930011863,-872492.865,-19587108.321,17950370.5,1552.321,1652.323,1890.542,2794.888,0.001,21106095.954,12.891,0.0,4.153,2.855,21108883.834,G6,1303162472999,-2682260.809207659,-4311624.648837617,3846592.6426140903,239491.01609968537
2,2021-04-22-US-SJC-1,SamsungS20Ultra,1303162472000,1,12,GPS_L1,1303162471929282112,-13638892.885,-5784212.075,21790392.222,1137.673,-2585.021,39.785,-9398.641,-0.002,21324869.8,7.495,0.0,4.508,3.167,21315463.484,G12,1303162472999,-2682260.809207659,-4311624.648837617,3846592.6426140903,239491.01609968537
3,2021-04-22-US-SJC-1,SamsungS20Ultra,1303162472000,1,19,GPS_L1,1303162471925814482,7455386.572,-14429253.588,20706319.427,2690.839,-112.139,-1043.185,-2829.609,0.001,22364439.121,7.495,0.0,5.68,4.273,22361599.559,G19,1303162472999,-2682260.809207659,-4311624.648837617,3846592.6426140903,239491.01609968537
4,2021-04-22-US-SJC-1,SamsungS20Ultra,1303162472000,1,25,GPS_L1,1303162471919579083,-16726645.018,8793890.969,18286251.416,644.775,-2304.039,1700.319,37061.866,0.001,24233764.714,17.988,0.0,8.512,10.064,24270808.004000004,G25,1303162472999,-2682260.809207659,-4311624.648837617,3846592.6426140903,239491.01609968537
0,2021-04-22-US-SJC-1,SamsungS20Ultra,1303162473000,1,2,GPS_L1,1303162472929924728,-11824064.438,-21898196.878,9861677.184,979.438,665.027,2845.6,-179289.251,-0.0,21132218.37,4.797,0.0,4.0,2.65,20952922.469000004,G2,1303162473999,-2682260.809147223,-4311624.648740469,3846592.6427641143,239616.05887573137
1,2021-04-22-US-SJC-1,SamsungS20Ultra,1303162473000,1,6,GPS_L1,1303162472930010784,-870940.418,-19585455.956,17952260.849,1552.576,1652.408,1890.161,2794.889,0.001,21106419.43,11.092,0.0,4.153,2.855,21109207.310999997,G6,1303162473999,-2682260.809147223,-4311624.648740469,3846592.6427641143,239616.05887573137
2,2021-04-22-US-SJC-1,SamsungS20Ultra,1303162473000,1,12,GPS_L1,1303162472929282949,-13637755.287,-5786797.135,21790431.769,1137.521,-2585.092,39.31,-9398.643,-0.002,21324618.874,7.495,0.0,4.507,3.167,21315212.557000004,G12,1303162473999,-2682260.809147223,-4311624.648740469,3846592.6427641143,239616.05887573137
3,2021-04-22-US-SJC-1,SamsungS20Ultra,1303162473000,1,17,GPS_L1,1303162472918329100,15919105.416,-13298116.006,17014178.165,2074.768,-117.355,-2085.55,129137.239,0.003,24608500.19,9.593,0.0,8.214,9.567,24737619.648,G17,1303162473999,-2682260.809147223,-4311624.648740469,3846592.6427641143,239616.05887573137
4,2021-04-22-US-SJC-1,SamsungS20Ultra,1303162473000,1,19,GPS_L1,1303162472925812417,7458077.335,-14429365.804,20705276.018,2690.699,-112.293,-1043.638,-2829.608,0.001,22365058.192,6.595,0.0,5.681,4.274,22362218.629,G19,1303162473999,-2682260.809147223,-4311624.648740469,3846592.6427641143,239616.05887573137
5,2021-04-22-US-SJC-1,SamsungS20Ultra,1303162473000,1,25,GPS_L1,1303162472919580687,-16726000.271,8791586.807,18287951.537,644.717,-2304.279,1699.918,37061.867,0.001,24233283.847,16.189,0.0,8.511,10.06,24270327.143,G25,1303162473999,-2682260.809147223,-4311624.648740469,3846592.6427641143,239616.05887573137
0,2021-04-22-US-SJC-1,SamsungS20Ultra,1303162474000,1,2,GPS_L1,1303162473929924870,-11823084.861,-21897531.754,9864522.682,979.717,665.223,2845.395,-179289.251,-0.0,21132175.799,4.797,0.0,4.0,2.65,20952879.898000002,G2,1303162474999,-2682260.809019295,-4311624.648820053,3846592.6427641143,239742.41095748282
1,2021-04-22-US-SJC-1,SamsungS20Ultra,1303162474000,1,6,GPS_L1,1303162473930009701,-869387.717,-19583803.508,17954150.817,1552.831,1652.493,1889.78,2794.89,0.001,21106744.105,10.793,0.0,4.153,2.855,21109531.987,G6,1303162474999,-2682260.809019295,-4311624.648820053,3846592.6427641143,239742.41095748282
2,2021-04-22-US-SJC-1,SamsungS20Ultra,1303162474000,1,12,GPS_L1,1303162473929283791,-13636617.842,-5789382.264,21790470.842,1137.368,-2585.163,38.835,-9398.646,-0.002,21324366.448,7.495,0.0,4.507,3.166,21314960.128999997,G12,1303162474999,-2682260.809019295,-4311624.648820053,3846592.6427641143,239742.41095748282
3,2021-04-22-US-SJC-1,SamsungS20Ultra,1303162474000,1,17,GPS_L1,1303162473918327031,15921180.049,-13298233.411,17012092.444,2074.507,-117.454,-2085.901,129137.242,0.003,24609120.46,9.294,0.0,8.215,9.57,24738239.917,G17,1303162474999,-2682260.809019295,-4311624.648820053,3846592.6427641143,239742.41095748282
4,2021-04-22-US-SJC-1,SamsungS20Ultra,1303162474000,1,19,GPS_L1,1303162473925810356,7460767.959,-14429478.174,20704232.156,2690.559,-112.446,-1044.09,-2829.608,0.001,22365676.065,6.296,0.0,5.681,4.274,22362836.502,G19,1303162474999,-2682260.809019295,-4311624.648820053,3846592.6427641143,239742.41095748282
5,2021-04-22-US-SJC-1,SamsungS20Ultra,1303162474000,1,25,GPS_L1,1303162473919582301,-16725355.582,8789282.405,18289651.257,644.659,-2304.518,1699.517,37061.868,0.001,24232799.982,16.788,0.0,8.511,10.056,24269843.283,G25,1303162474999,-2682260.809019295,-4311624.648820053,3846592.6427641143,239742.41095748282
0,2021-04-22-US-SJC-1,SamsungS20Ultra,1303162475000,1,2,GPS_L1,1303162474929925011,-11822105.003,-21896866.433,9867367.975,979.997,665.418,2845.19,-179289.252,-0.0,21132133.528,4.797,0.0,4.0,2.65,20952837.626000002,G2,1303162475999,-2682260.809019295,-4311624.648820053,3846592.6427641143,239869.95334163294
1,2021-04-22-US-SJC-1,SamsungS20Ultra,1303162475000,1,6,GPS_L1,1303162474930008604,-867834.759,-19582150.974,17956040.405,1553.086,1652.578,1889.399,2794.891,0.001,21107072.977,10.493,0.0,4.153,2.855,21109860.86,G6,1303162475999,-2682260.809019295,-4311624.648820053,3846592.6427641143,239869.95334163294
2,2021-04-22-US-SJC-1,SamsungS20Ultra,1303162475000,1,12,GPS_L1,1303162474929284620,-13635480.549,-5791967.463,21790509.439,1137.216,-2585.233,38.36,-9398.648,-0.002,21324117.92,7.495,0.0,4.507,3.166,21314711.599000003,G12,1303162475999,-2682260.809019295,-4311624.648820053,3846592.6427641143,239869.95334163294
3,2021-04-22-US-SJC-1,SamsungS20Ultra,1303162475000,1,17,GPS_L1,1303162474918324945,15923254.421,-13298350.914,17010006.371,2074.246,-117.553,-2086.252,129137.245,0.003,24609745.827,8.994,0.0,8.216,9.573,24738865.283000004,G17,1303162475999,-2682260.809019295,-4311624.648820053,3846592.6427641143,239869.95334163294
4,2021-04-22-US-SJC-1,SamsungS20Ultra,1303162475000,1,19,GPS_L1,1303162474925808307,7463458.443,-14429590.697,20703187.842,2690.419,-112.6,-1044.543,-2829.607,0.001,22366290.339,6.296,0.0,5.682,4.275,22363450.775000002,G19,1303162475999,-2682260.809019295,-4311624.648820053,3846592.6427641143,239869.95334163294
5,2021-04-22-US-SJC-1,SamsungS20Ultra,1303162475000,1,25,GPS_L1,1303162474919583915,-16724710.952,8786977.762,18291350.577,644.6,-2304.758,1699.116,37061.87,0.001,24232316.117,16.788,0.0,8.51,10.052,24269359.424999997,G25,1303162475999,-2682260.809019295,-4311624.648820053,3846592.6427641143,239869.95334163294
0,2021-04-22-US-SJC-1,SamsungS20Ultra,1303162476000,1,2,GPS_L1,1303162475929925160,-11821124.866,-21896200.917,9870213.062,980.277,665.614,2844.985,-179289.252,-0.0,21132088.859,4.797,0.0,4.0,2.65,20952792.957000002,G2,1303162476999,-2682260.809019295,-4311624.648820053,3846592.6427641143,239995.84830357714
1,2021-04-22-US-SJC-1,SamsungS20Ultra,1303162476000,1,6,GPS_L1,1303162475930007503,-866281.548,-19580498.355,17957929.611,1553.341,1652.663,1889.018,2794.892,0.001,21107403.049,10.793,0.0,4.154,2.855,21110190.932,G6,1303162476999,-2682260.809019295,-4311624.648820053,3846592.6427641143,239995.84830357714
2,2021-04-22-US-SJC-1,SamsungS20Ultra,1303162476000,1,12,GPS_L1,1303162475929285452,-13634343.409,-5794552.734,21790547.563,1137.063,-2585.304,37.886,-9398.65,-0.002,21323868.493,7.495,0.0,4.506,3.166,21314462.171,G12,1303162476999,-2682260.809019295,-4311624.648820053,3846592.6427641143,239995.84830357714
3,2021-04-22-US-SJC-1,SamsungS20Ultra,1303162476000,1,17,GPS_L1,1303162475918322859,15925328.532,-13298468.516,17007919.948,2073.984,-117.651,-2086.603,129137.248,0.003,24610371.195,8.394,0.0,8.216,9.576,24739490.651,G17,1303162476999,-2682260.809019295,-4311624.648820053,3846592.6427641143,239995.84830357714
4,2021-04-22-US-SJC-1,SamsungS20Ultra,1303162476000,1,19,GPS_L1,1303162475925806248,7466148.787,-14429703.373,20702143.074,2690.279,-112.754,-1044.996,-2829.607,0.001,22366907.612,5.996,0.0,5.683,4.276,22364068.046,G19,1303162476999,-2682260.809019295,-4311624.648820053,3846592.6427641143,239995.84830357714
5,2021-04-22-US-SJC-1,SamsungS20Ultra,1303162476000,1,25,GPS_L1,1303162475919585536,-16724066.38,8784672.88,18293049.496,644.542,-2304.998,1698.715,37061.871,0.001,24231830.153,15.289,0.0,8.509,10.048,24268873.467,G25,1303162476999,-2682260.809019295,-4311624.648820053,3846592.6427641143,239995.84830357714
